4000 750
1734 45 50
965 40 50
3084 60 50
1977 96 50
589 82 50
1406 82 50
3553 55 50
405 44 50
1212 86 50
3359 27 50
3669 37 50
817 86 50
1672 27 50
3310 69 50
1045 52 50
1564 66 50
3375 35 50
2960 38 50
3208 88 50
3310 55 50
1433 95 50
2125 26 50
894 92 50
1045 66 50
3469 57 50
1937 75 50
2957 43 50
2462 66 50
103 78 50
965 53 50
3076 96 50
491 72 50
3812 75 50
1788 49 50
2856 46 50
2096 57 50
592 89 50
1069 82 50
1696 29 50
3090 78 50
944 65 50
3284 84 50
921 72 50
2096 49 50
2467 89 50
768 36 50
957 96 50
950 74 50
483 59 50
2753 98 50
2530 81 50
3198 55 50
1173 80 50
1620 39 50
3159 47 50
1527 74 50
2860 75 50
3828 72 50
1074 89 50
3005 60 50
1776 75 50
300 57 50
2279 40 50
1439 60 50
1928 66 50
173 51 50
2090 86 50
1291 51 50
1095 39 50
3709 97 50
2319 62 50
1794 94 50
507 27 50
572 58 50
13 81 50
13 80 50
2077 91 50
2250 77 50
740 48 50
3828 73 50
3599 57 50
768 79 50
3084 91 50
3476 27 50
3084 87 50
950 30 50
3683 67 50
886 84 50
2580 79 50
1419 69 50
758 28 50
152 74 50
458 61 50
833 40 50
3676 71 50
250 53 50
1018 29 50
2970 75 50
2935 73 50
3703 71 50
3799 41 50
1971 27 50
679 29 50
3929 83 50
458 99 50
3713 57 50
2413 86 50
1801 32 50
2824 54 50
1593 93 50
1090 51 50
901 92 50
1166 61 50
324 36 50
1628 77 50
3564 76 50
2181 28 50
1801 51 50
1553 62 50
1593 81 50
3202 28 50
2283 97 50
1527 30 50
1931 43 50
1553 48 50
3757 57 50
741 73 50
3323 51 50
913 98 50
2949 46 50
2566 37 50
2234 51 50
223 77 50
2181 48 50
2363 55 50
1656 90 50
3244 66 50
576 86 50
817 26 50
299 89 50
3899 83 50
3592 60 50
2806 67 50
2922 96 50
3524 28 50
1137 47 50
1951 90 50
279 97 50
1827 74 50
2062 66 50
2441 61 50
3496 34 50
1003 77 50
2089 89 50
3899 66 50
3356 50 50
3796 95 50
3740 65 50
1468 38 50
2677 43 50
1972 55 50
1054 81 50
1474 54 50
2166 73 50
949 43 50
1182 45 50
1617 80 50
2459 70 50
90 60 50
3537 75 50
1760 49 50
3309 39 50
245 56 50
552 81 50
2062 96 50
3792 88 50
3602 79 50
608 52 50
2581 94 50
655 66 50
3482 28 50
3804 60 50
1651 63 50
1117 91 50
3076 67 50
954 62 50
338 95 50
601 74 50
2505 38 50
1161 98 50
130 56 50
1469 79 50
1428 89 50
2765 86 50
49 62 50
3508 70 50
2372 86 50
2236 40 50
623 91 50
1003 36 50
920 93 50
2262 76 50
1007 27 50
407 59 50
3048 31 50
501 56 50
2705 69 50
1711 75 50
1241 81 50
3804 33 50
3726 74 50
1590 41 50
3798 72 50
2311 55 50
2505 84 50
2324 70 50
3474 78 50
1333 74 50
2731 83 50
525 67 50
35 95 50
192 78 50
1662 89 50
2290 69 50
1236 66 50
2819 89 50
2290 65 50
3151 29 50
3655 28 50
3106 82 50
962 40 50
165 38 50
2490 96 50
3929 38 50
2337 74 50
3707 82 50
3786 67 50
794 94 50
775 37 50
3521 26 50
864 69 50
1276 73 50
3593 54 50
1191 47 50
2987 31 50
2869 53 50
1859 61 50
2421 31 50
1926 68 50
1386 66 50
1814 64 50
2504 89 50
230 92 50
1386 62 50
3227 61 50
850 63 50
3932 97 50
2115 26 50
42 44 50
3234 88 50
1980 77 50
705 96 50
913 30 50
276 69 50
1577 99 50
3627 39 50
2400 93 50
3307 80 50
3681 52 50
1711 38 50
2208 44 50
1815 96 50
2640 82 50
408 83 50
3365 91 50
3188 62 50
457 94 50
75 41 50
759 35 50
3053 57 50
2091 90 50
2091 87 50
2036 80 50
2461 48 50
2448 27 50
759 48 50
751 41 50
99 90 50
3240 26 50
610 71 50
3313 27 50
1256 83 50
498 47 50
1120 25 50
3116 80 50
1175 54 50
1242 69 50
2179 64 50
3615 34 50
2640 55 50
2718 73 50
3162 62 50
3290 58 50
586 47 50
812 25 50
3786 89 50
2693 79 50
2612 54 50
220 47 50
340 96 50
85 53 50
2579 83 50
1431 98 50
1953 74 50
2515 28 50
1889 87 50
3240 84 50
636 43 50
835 82 50
3601 82 50
3151 53 50
1567 31 50
1508 58 50
2867 40 50
1340 88 50
2828 76 50
1081 91 50
3538 38 50
2088 93 50
3606 53 50
3648 74 50
1028 78 50
298 84 50
491 34 50
650 26 50
2379 55 50
491 39 50
677 57 50
3866 76 50
1081 71 50
751 96 50
3081 71 50
1094 58 50
3903 77 50
243 53 50
1108 70 50
1026 39 50
967 93 50
1713 66 50
1000 27 50
3266 49 50
1143 62 50
3863 48 50
3434 38 50
2110 50 50
1431 37 50
1094 80 50
2599 86 50
3742 40 50
535 38 50
1033 75 50
3771 60 50
3046 54 50
464 25 50
3934 97 50
2232 70 50
3030 87 50
359 67 50
1861 91 50
1961 79 50
1554 67 50
2800 47 50
2239 70 50
1596 44 50
3595 87 50
2340 35 50
1904 48 50
2460 55 50
2493 87 50
3877 86 50
2105 50 50
499 87 50
2784 92 50
215 61 50
821 76 50
2164 74 50
1949 48 50
842 32 50
1632 77 50
212 29 50
2129 81 50
1737 64 50
3318 44 50
385 72 50
1025 50 50
3840 80 50
359 32 50
411 32 50
2057 92 50
1380 93 50
528 75 50
1871 27 50
3714 86 50
1854 95 50
3396 58 50
3022 85 50
111 27 50
3177 53 50
2863 91 50
1043 67 50
2085 34 50
1352 75 50
3865 57 50
2540 65 50
1004 77 50
1809 32 50
1750 86 50
2368 29 50
1004 72 50
2627 39 50
2302 52 50
2423 57 50
3808 71 50
3129 59 50
903 54 50
1226 29 50
275 40 50
1920 43 50
2980 91 50
1128 85 50
3023 37 50
2904 92 50
662 67 50
3636 68 50
981 60 50
515 77 50
1219 28 50
1764 66 50
3229 92 50
2360 58 50
2539 47 50
2030 29 50
449 39 50
1782 61 50
2365 87 50
568 27 50
1121 72 50
3190 88 50
2169 54 50
564 70 50
2514 72 50
2085 73 50
2370 69 50
3560 43 50
1923 71 50
3878 50 50
903 86 50
2514 48 50
3892 34 50
463 98 50
2539 58 50
1393 33 50
3781 27 50
3892 25 50
911 64 50
2225 94 50
3192 39 50
2604 53 50
2666 76 50
3851 98 50
1065 55 50
3813 53 50
1838 51 50
883 45 50
1491 25 50
883 56 50
4 44 50
2666 62 50
1911 71 50
2659 79 50
3704 79 50
2029 94 50
1022 37 50
355 37 50
2702 67 50
2656 50 50
1548 26 50
3458 30 50
2747 59 50
1385 73 50
2618 66 50
527 50 50
3283 73 50
519 57 50
1142 93 50
3888 81 50
3531 75 50
1422 74 50
203 78 50
1589 65 50
3584 27 50
59 34 50
1646 51 50
896 77 50
2211 92 50
1846 36 50
2646 48 50
400 52 50
1163 40 50
2320 52 50
3597 90 50
388 34 50
828 97 50
10 36 50
1078 72 50
3319 67 50
2688 34 50
3914 48 50
151 39 50
239 55 50
1078 98 50
861 41 50
673 93 50
137 41 50
2024 39 50
3893 46 50
2008 85 50
440 32 50
1891 92 50
3503 83 50
1441 83 50
2066 47 50
3382 94 50
3233 95 50
1715 65 50
3138 65 50
3148 66 50
3632 38 50
464 57 50
1978 71 50
553 58 50
3584 94 50
3933 96 50
151 77 50
3087 83 50
2108 53 50
2548 58 50
2675 82 50
3233 76 50
1715 48 50
1897 65 50
1454 88 50
100 56 50
2887 71 50
1960 33 50
441 39 50
2900 34 50
3195 79 50
3819 30 50
2308 77 50
1368 79 50
2149 57 50
2393 35 50
3131 76 50
2657 67 50
1367 43 50
3340 87 50
3814 39 50
1946 32 50
3517 28 50
2321 89 50
643 74 50
2555 26 50
374 72 50
1190 39 50
2749 67 50
1704 80 50
3047 91 50
3203 25 50
3443 37 50
193 26 50
3504 26 50
549 61 50
1645 26 50
1986 62 50
749 79 50
1986 63 50
1176 72 50
925 31 50
778 75 50
1769 83 50
336 51 50
1743 36 50
3003 38 50
1101 98 50
3380 69 50
2080 39 50
2638 38 50
473 69 50
3402 49 50
1165 82 50
2297 37 50
3141 55 50
1368 35 50
1264 53 50
2593 39 50
1701 52 50
565 97 50
1690 44 50
2889 98 50
3745 41 50
174 47 50
1645 60 50
1313 75 50
2686 40 50
39 34 50
2686 80 50
3321 28 50
1125 42 50
1035 98 50
3324 66 50
1171 32 50
3607 39 50
3790 67 50
3569 33 50
668 81 50
3646 87 50
1818 58 50
3276 44 50
2892 90 50
102 31 50
3673 87 50
2252 46 50
2416 34 50
565 69 50
1618 56 50
3019 41 50
934 32 50
3639 62 50
1125 73 50
955 38 50
2128 85 50
2445 88 50
3581 38 50
1778 93 50
616 36 50
3855 28 50
2141 67 50
1730 55 50
2979 67 50
3589 64 50
943 29 50
2127 57 50
3679 52 50
1067 34 50
955 49 50
2093 99 50
1342 45 50
3528 38 50
2191 39 50
148 89 50
953 66 50
148 99 50
2199 34 50
3206 88 50
1377 25 50
1329 36 50
3907 27 50
984 52 50
2266 70 50
3766 76 50
3897 40 50
3221 40 50
28 27 50
494 89 50
1225 49 50
2452 83 50
805 93 50
798 62 50
777 30 50
1267 29 50
3183 55 50
3715 65 50
1640 87 50
2452 89 50
3334 43 50
2644 38 50
1999 62 50
2942 50 50
2494 26 50
1136 56 50
377 93 50
80 34 50
3515 80 50
2857 44 50
1836 41 50
2542 48 50
2287 56 50
474 56 50
2947 61 50
715 30 50
3862 73 50
122 39 50
2644 56 50
1315 29 50
1826 36 50
1377 36 50
1322 44 50
2549 51 50
442 37 50
2623 57 50
1571 46 50
1080 40 50
1253 34 50
3457 56 50
2620 48 50
3546 46 50
1438 81 50
227 93 50
3594 28 50
3682 94 50
2658 78 50
374 28 50
3661 93 50
2507 96 50
1464 25 50
442 62 50
129 53 50
2170 53 50
3491 39 50
429 58 50
429 59 50
1562 37 50
2681 32 50
3594 75 50
618 97 50
1922 78 50
3608 47 50
1465 60 50
2791 51 50
2313 94 50
443 84 50
1472 88 50
1212 31 50
1316 61 50
2404 30 50
3682 69 50
2913 81 50
1112 63 50
2203 42 50
