18000 5000
3180 759 720
8926 537 581
16884 681 670
16107 807 703
14741 821 544
15040 866 753
10842 1315 715
9564 417 547
832 1198 646
9071 511 725
16465 448 767
12477 568 730
2465 787 767
12134 415 546
6967 1272 749
5680 661 721
309 391 748
8307 980 526
12405 471 746
6606 812 517
12640 1107 753
9880 991 550
4079 476 585
9301 1188 684
7554 917 606
15058 417 756
16483 843 581
7535 275 510
14593 416 732
16028 481 723
9483 521 550
1828 798 714
4159 666 670
3406 935 700
8326 686 555
7569 1106 634
7005 508 696
14856 1004 591
9145 326 566
12576 1336 724
8118 1401 720
5082 981 512
14723 515 695
14979 582 504
6703 744 742
6454 1198 669
4425 1244 701
14596 760 526
14623 504 692
4580 905 667
2215 451 708
12199 955 600
12173 924 766
1713 854 538
5682 1007 734
7079 549 531
1315 1140 645
11613 823 694
14198 499 543
2580 1121 595
1371 752 634
604 1080 674
8497 916 604
8205 788 638
9837 874 562
10350 987 526
1369 988 563
16768 636 563
13060 424 608
13982 861 522
11263 1160 723
8044 921 558
17035 951 544
6869 1089 610
12563 1042 564
5756 996 688
11131 677 731
13037 493 723
4185 556 674
2784 1056 688
3244 1080 632
14465 1182 755
14722 566 532
9263 392 557
10680 644 749
2547 445 524
10323 895 596
5330 742 751
16611 879 554
17242 676 613
3578 872 546
16324 491 655
9616 808 653
499 896 743
14092 1070 653
15595 1105 601
1371 609 520
7956 1272 726
4727 1252 764
15965 1081 586
12697 866 587
9110 596 623
14859 1512 773
5177 712 654
10211 762 636
10172 698 621
12108 434 541
5441 972 551
683 324 586
12208 1015 588
663 871 667
13206 1160 761
9575 1089 754
14894 346 617
13531 1242 745
17154 678 591
7083 1225 641
10793 1241 774
6052 724 626
2315 614 668
723 912 726
10979 515 696
4367 702 713
5506 406 551
12275 1274 668
3473 1110 605
11122 646 593
226 918 760
10644 523 649
7042 805 710
17105 650 767
3392 1285 687
1397 996 588
7907 771 721
12380 1004 601
17192 940 620
13855 634 615
13593 518 678
15125 1246 764
13791 1031 725
13111 828 506
2753 779 656
13616 515 593
12912 425 560
14635 545 534
8254 1384 777
16363 974 738
9030 560 611
7791 1030 608
13970 1257 684
12171 326 514
1993 524 506
9725 851 774
15266 812 686
4756 533 773
11557 1204 627
9664 1295 671
16480 1062 663
5347 1315 677
1773 762 648
12605 614 672
3566 538 633
11674 638 658
14374 490 524
423 1001 640
10386 370 695
8913 748 685
9663 1079 741
8873 423 508
15750 474 736
382 634 704
13323 920 686
6771 589 761
15945 1118 562
11300 353 660
16761 1401 745
13633 923 755
7617 1023 717
4753 659 771
4102 1183 727
15771 368 587
15003 330 614
1734 631 522
11861 982 755
1866 930 544
3902 991 726
686 382 755
9150 1042 584
16742 412 511
257 358 515
7593 437 771
7410 510 519
3987 479 557
13667 1163 582
2822 527 508
14322 891 630
1348 1110 689
11737 1155 719
9874 837 593
3545 696 589
10152 1075 705
11735 916 514
5650 459 603
15239 909 558
6058 616 648
10298 528 775
8784 767 639
9064 492 535
9593 760 598
3275 501 537
7315 674 629
15519 1105 556
7242 842 605
14237 872 530
639 942 559
16182 1147 660
14485 325 598
11137 1112 741
10840 329 536
7612 522 539
9817 797 760
8185 443 530
13679 814 697
9301 527 568
7092 1339 702
9124 398 591
17050 623 514
3051 1141 672
14961 1140 678
1101 637 556
12344 1402 746
15932 728 720
13684 428 703
7286 754 627
102 1080 676
12158 521 747
4082 628 528
2744 588 642
7530 448 512
1799 732 690
225 743 565
13089 1139 713
8954 727 562
6835 780 649
14266 703 768
5528 489 672
1506 1472 776
9290 352 525
5308 666 541
2351 923 751
3867 905 696
4676 848 576
10012 733 668
13475 627 684
9899 622 611
1236 985 760
11489 559 682
14965 1153 639
13555 1111 652
2022 723 536
7196 976 579
4936 1122 749
10688 471 609
11471 1384 726
8087 928 640
15981 689 552
1571 368 577
11759 1382 758
13274 1380 763
10002 574 535
15773 637 582
283 368 628
1113 902 664
11769 883 548
6119 315 507
12474 528 587
14431 845 580
6083 506 595
4265 629 659
8929 392 531
11911 842 607
15872 327 557
2743 1304 696
14822 764 549
3481 673 768
9129 454 605
11131 538 628
2325 703 518
3515 660 625
11657 552 510
15472 898 698
6961 571 660
17167 395 561
575 733 776
11760 594 704
2131 698 532
13375 912 700
15551 1107 578
2465 1176 641
10973 986 684
5424 406 528
14975 544 514
10426 466 673
2369 535 687
401 897 750
5702 273 543
9133 385 681
7700 836 689
8614 1113 648
7087 1104 703
2521 650 724
5132 1277 679
2010 508 764
13548 933 560
3647 1014 588
13472 1030 650
14173 901 731
8800 1445 728
5419 1216 720
12850 341 519
6064 782 731
16558 631 679
11241 1358 713
9406 1266 747
3688 869 601
7583 615 638
11582 881 772
458 471 508
11868 1287 735
491 1049 742
6150 389 667
10538 1292 651
9943 659 554
17382 895 559
13680 799 756
11914 1183 618
1642 833 605
11970 431 762
1947 818 506
5708 1342 767
14366 1117 585
873 385 764
2309 655 718
2281 737 736
17175 872 595
1718 1053 549
17030 1170 733
4346 1033 556
12691 619 641
2862 1005 727
10250 1468 758
4740 543 591
2747 711 709
7481 472 761
1880 803 763
6508 453 623
10813 1107 616
7859 890 510
6460 964 719
11502 696 689
7758 690 501
396 986 515
383 991 756
10020 1092 633
16717 1226 665
4749 1266 647
13369 1100 571
9657 853 526
1304 571 729
10341 1271 732
8578 753 758
4947 1255 652
13997 462 708
13148 808 657
16953 694 509
6996 812 516
2276 754 684
10723 559 764
12127 760 566
9056 980 536
16065 494 757
7594 448 562
17217 1044 618
16210 572 753
14634 427 608
5516 1012 547
16716 1151 604
16374 534 708
4812 1197 765
9224 1062 599
9343 922 774
12574 1418 718
513 787 764
3056 685 562
10778 498 625
15393 373 648
12024 601 502
5232 711 728
9435 469 671
3675 1429 741
12273 738 507
12381 812 528
6382 1055 770
9765 1192 638
12151 826 698
16336 386 765
349 637 679
1898 458 503
4265 820 537
1103 700 549
2686 593 694
804 572 744
612 930 534
9293 512 707
14226 958 610
12263 1015 547
3345 338 634
549 403 761
13622 307 586
13984 892 657
14180 781 712
2561 625 611
17261 272 534
12234 673 701
12377 1298 675
14889 710 710
2713 1242 703
2311 333 545
1220 912 570
16168 550 570
5150 875 526
2447 411 716
5780 1397 726
14840 568 617
5569 323 544
14831 498 601
12306 839 530
2739 1069 555
14146 1396 701
13648 580 668
3984 1424 757
12016 409 578
14620 848 621
12909 810 634
5282 1029 573
15560 968 770
10545 691 649
4888 929 523
7060 840 693
8911 1242 707
10595 989 664
1712 1061 576
180 804 562
15578 1090 721
2328 456 569
382 692 536
16865 1084 665
11393 362 700
8764 853 564
8859 890 538
16145 431 755
2634 1144 635
311 790 599
2082 418 621
1514 1286 709
11282 333 581
5958 623 651
10217 923 631
16345 1189 673
5773 564 691
8282 1422 759
16170 775 755
9903 714 603
10766 1238 718
194 776 676
5826 966 526
2559 571 745
16362 1045 587
1998 367 517
9421 1259 675
12934 347 664
13207 570 709
7115 1183 688
2449 493 693
22 1272 716
3759 447 590
7076 541 741
15088 600 705
7038 842 558
12850 639 708
2737 647 583
10563 459 704
7077 1104 667
11233 1266 743
6299 1117 619
2152 382 586
16351 992 501
17008 568 651
4268 395 563
13821 1343 773
3317 425 757
8394 831 521
9949 811 733
2745 559 567
11868 861 520
17228 1061 630
1633 896 625
14895 493 538
14092 1288 663
15692 473 615
15229 432 704
816 569 578
7372 744 554
9802 525 503
14769 727 516
16403 984 560
10264 526 728
7486 309 556
15860 949 671
3487 610 585
10256 945 620
10983 617 552
10433 475 532
314 636 755
6544 1042 657
11468 405 658
5205 409 596
7456 998 546
15158 977 543
2458 606 769
5859 792 636
13412 756 717
16770 1160 703
9737 569 554
7839 853 573
12198 793 568
16367 581 717
10503 846 601
14148 623 577
11810 1058 751
15199 396 511
15389 868 584
7519 399 578
3488 438 522
13979 710 737
7595 591 611
2218 584 754
9053 1140 753
4171 918 570
3536 500 622
4409 1232 618
11072 1107 741
7785 443 573
3712 871 697
5160 1267 638
2903 1099 606
10629 630 507
4591 1086 576
14088 1357 777
4832 1429 731
5762 507 534
11450 479 572
9771 718 774
4277 653 547
14084 824 693
4388 322 640
1876 601 719
9371 1416 716
16234 762 734
2797 981 774
11287 479 634
16350 810 686
10598 832 584
536 1278 711
10774 1027 707
11119 651 625
745 864 678
10746 320 520
10655 625 593
10674 467 623
1808 786 610
362 390 721
15172 672 512
3966 943 521
9245 965 706
5381 883 570
5952 439 664
9520 515 639
14798 941 541
11254 787 671
4535 332 530
12590 673 705
3610 526 593
14762 1316 748
13265 833 703
10678 768 651
9160 970 684
15301 576 630
2746 1012 609
10125 839 718
13643 535 629
9589 630 535
12639 1181 596
13481 479 725
8486 462 634
15693 1263 765
7926 1080 594
3370 1070 762
7348 333 609
14735 994 527
10723 643 757
10151 1017 523
15195 1509 764
17331 1049 548
5985 887 548
6692 549 695
11379 709 729
5394 682 730
9213 1011 526
8650 429 577
14722 1246 648
15971 1010 536
11163 303 596
16653 1224 773
7923 828 668
8166 961 654
17010 826 513
12385 937 767
8381 588 613
7674 913 672
13417 425 746
3830 820 564
5635 909 683
11189 795 676
7961 325 563
5544 569 504
1865 761 605
10094 320 600
2074 1214 630
7165 397 748
1408 889 633
2022 764 645
16863 820 630
95 905 693
7091 428 662
7228 391 524
12730 1526 774
8971 448 693
10932 1156 610
2148 684 718
11990 367 702
8791 579 726
5753 1014 562
7043 719 627
12923 692 590
1833 282 501
12385 439 649
11204 1289 718
16670 632 692
4173 1545 775
1574 765 647
10522 1084 697
8672 293 537
10326 1276 679
3650 542 512
7008 549 736
4 617 660
404 637 649
7970 355 502
14145 392 546
10940 661 542
10047 362 562
9754 1198 706
7285 632 715
4443 681 645
16486 891 722
10274 1209 614
6722 1405 734
3862 723 629
10385 680 613
12582 1331 670
11123 1129 763
14967 426 659
13001 1057 682
15541 820 602
3995 496 668
15430 807 678
3202 844 593
5892 932 704
10744 468 666
67 729 739
8282 504 636
4080 459 645
15547 350 502
6367 812 738
13985 1356 707
16475 670 527
5764 1158 596
5751 1062 696
13582 536 713
3292 965 685
3358 878 669
5565 1098 661
7316 780 548
2403 571 710
9465 751 586
6310 626 600
14201 1012 730
1031 1190 702
15970 572 593
3907 548 649
10789 1225 630
9325 613 528
16122 342 632
13964 985 560
5361 534 517
9694 1092 656
16270 480 683
7353 947 514
5589 1054 621
15136 339 523
6316 928 733
4807 806 730
965 1077 541
4848 579 671
7071 878 623
3604 714 766
12414 893 555
11226 347 587
14086 1305 654
10367 289 541
12778 1119 737
11776 517 750
3059 853 612
1442 775 764
1221 1323 714
390 952 665
7300 495 590
14534 939 746
603 1138 626
13673 385 531
17330 802 639
5888 1267 740
12942 893 629
14978 1257 692
6430 804 525
10201 672 632
2664 1244 687
8484 645 566
16606 1062 673
5141 1273 649
3820 1176 672
1345 1116 751
7228 931 657
14067 827 504
5625 844 773
1100 1397 717
7438 1421 727
10754 334 630
9161 574 734
13935 789 595
6210 1046 665
1466 794 641
12948 955 751
3489 767 558
9851 326 578
10522 1161 694
4294 1413 771
8823 1083 546
2209 496 662
8196 1176 592
7533 341 527
15601 943 756
10766 991 744
14280 445 776
15053 1050 711
3965 1016 697
7724 1428 743
8680 356 625
5682 1082 716
1713 456 656
1544 1129 584
1728 361 566
16441 614 619
4724 998 638
10174 516 732
13536 717 666
1676 874 623
1669 1047 629
16403 643 567
4093 393 712
16450 573 698
12676 677 738
7158 422 557
7528 411 731
15347 1114 726
10159 1149 678
4867 555 542
8860 459 731
5212 1289 742
4551 638 660
15672 418 514
4280 570 580
11480 435 640
12885 971 566
17132 631 516
3879 1076 546
7016 793 725
15673 1194 698
10205 954 719
11249 1315 715
10798 913 576
17367 435 541
9650 1255 704
2094 381 716
5466 637 723
5625 847 658
11749 552 719
5101 406 513
10135 559 548
5565 819 666
11631 527 751
1943 701 766
17200 1457 740
4724 1229 636
2482 919 657
7161 810 745
3284 551 701
1962 779 527
14372 601 524
4464 796 694
6768 626 635
9958 547 706
7622 980 761
3591 644 580
14394 840 658
199 606 707
4939 289 573
5625 1030 657
9645 865 524
10613 744 514
1383 343 544
13806 1131 650
11795 523 597
11098 736 751
1260 1039 655
5676 587 747
454 1082 750
6071 448 578
5115 934 598
2416 640 749
5229 584 546
10513 489 520
3427 841 711
7030 390 718
9746 1179 595
3072 605 777
4369 1122 615
6617 617 548
5330 594 732
7371 293 522
9789 1122 606
3529 666 591
7574 516 635
16560 438 534
5218 700 765
1591 770 660
6603 1045 551
9872 893 711
16096 616 760
4677 959 622
12981 511 519
4677 1180 750
16462 862 747
149 936 777
9199 575 679
16676 375 525
14786 1086 626
15262 710 511
10893 1471 770
8065 1002 688
1943 1450 731
7316 425 679
8933 1159 635
6911 497 537
10554 606 644
5146 530 774
8039 688 551
4965 463 726
7240 1129 606
3757 490 702
6560 651 635
1643 653 669
377 928 627
1157 745 723
16468 647 552
13268 504 774
10963 1116 741
17138 781 516
9625 843 717
4502 716 640
652 831 615
7096 622 575
11493 468 548
9657 1067 641
7714 1200 669
498 717 526
13954 1105 696
2200 1068 620
205 656 767
10929 547 601
2567 805 525
1450 1081 546
10103 560 755
9031 988 557
1959 992 723
8966 566 771
3782 1086 724
4303 386 526
10388 1312 659
11635 1058 594
14258 466 540
14567 753 576
17106 367 693
11753 1325 701
9250 737 629
16837 1052 625
5148 749 636
4283 1000 719
13031 671 584
13821 453 677
14116 508 517
7460 412 642
16196 602 638
3051 503 699
9248 637 617
14753 1119 639
7376 374 698
5997 652 645
10926 505 576
1552 512 591
9588 954 574
7877 973 548
4302 985 584
4863 1166 706
1349 900 612
7672 477 705
11090 1505 765
11055 541 508
15159 467 565
6642 1303 672
15384 710 684
15480 848 639
10618 389 656
16920 508 506
3150 1256 765
5334 1207 618
12642 986 600
3535 1238 704
9178 448 643
2358 704 621
625 398 603
17035 481 694
6590 454 652
8755 1208 748
6487 531 589
2456 1292 772
9435 746 517
3187 666 601
4972 637 590
10290 335 513
15274 1332 735
12522 691 526
5333 626 533
6607 674 563
15308 721 700
6461 754 529
9875 381 516
1780 325 501
14309 1021 736
10033 1364 768
3800 511 743
13297 1274 644
6265 890 586
11305 649 538
12250 487 533
4442 1127 581
2683 1406 759
3743 802 728
10496 644 695
16728 578 513
4984 1344 700
5322 1386 746
674 983 503
7790 455 690
13638 983 670
16538 1120 713
13264 849 754
16693 1168 647
4808 1208 665
15446 941 511
13998 1244 760
15930 947 680
1172 1450 746
8602 803 546
16724 618 550
14793 831 636
9680 522 539
10785 566 516
4597 1348 703
9676 505 676
2450 537 528
12183 949 739
13989 743 737
10395 388 523
67 983 728
1894 1044 619
10806 1112 728
9086 884 760
15364 907 512
13443 560 534
310 1140 648
8284 850 620
5278 1282 740
5384 1297 708
11861 871 514
2763 576 528
1282 323 508
1843 559 748
4761 1345 679
16887 1333 738
10843 837 566
10464 1368 758
542 338 563
16408 1497 751
15941 669 698
10478 712 587
12840 749 599
12108 1107 767
15972 442 726
17306 416 610
2713 637 725
12770 542 521
4871 1112 713
5398 862 675
12111 721 702
6300 341 552
14439 506 561
14131 808 696
10265 395 774
4787 1205 615
3054 906 616
7715 471 715
8869 697 637
2762 806 745
17286 892 580
10350 346 643
7491 458 590
9627 360 587
7832 288 547
17249 1078 561
7452 462 725
14488 553 674
4480 577 672
14000 461 749
7678 575 625
12247 1088 716
14408 725 530
12702 389 675
1611 968 764
11191 309 535
14146 1273 720
1330 487 546
5656 736 644
1742 1182 640
9861 593 541
10381 703 631
2448 998 737
5197 470 503
9782 683 689
8285 899 551
945 453 584
15632 807 543
1933 1152 764
2812 1033 605
13580 466 728
6888 993 679
16718 670 625
6870 903 537
7970 852 614
10273 1148 688
1955 400 743
7846 1273 752
13638 733 543
4132 375 551
8240 717 542
15798 1378 718
16538 1138 584
6538 458 591
1249 1295 708
5778 360 629
7785 883 644
8297 399 667
12640 1453 739
6958 451 595
3678 922 563
12877 372 654
1503 1077 752
5416 1164 768
12686 846 575
15337 904 692
10342 701 527
10746 1406 755
14679 1214 736
641 553 520
3806 683 567
6021 761 640
13893 664 659
16784 580 643
8220 663 666
982 680 620
14618 446 662
11356 456 549
13023 1165 729
9588 394 691
13101 662 696
14645 746 637
10104 885 686
677 713 529
8498 632 531
16581 1277 724
11947 556 504
8963 1239 706
9644 1397 704
8662 878 531
10772 1441 722
9118 1432 754
4379 939 527
10756 764 654
14861 1238 767
512 956 521
8092 670 720
4417 1342 771
10538 843 562
12543 411 742
8186 655 739
10631 680 618
1184 1079 728
11696 729 525
7626 646 634
5238 778 730
15516 427 629
7678 985 623
1117 292 510
10428 967 746
15845 977 625
7573 982 686
15155 661 603
5811 1447 737
13534 1301 671
13847 1231 761
1508 629 559
15766 965 663
12679 923 523
6103 562 752
467 536 669
15132 1507 769
8650 484 691
10670 1221 736
2834 708 614
6549 1074 568
8034 1106 776
356 1093 603
3863 479 692
11615 1206 666
6028 575 579
15421 460 647
5353 923 522
2498 524 634
13174 815 609
9391 950 624
15668 1136 648
2985 957 516
12886 571 632
13880 979 667
12383 1193 653
5843 474 578
12337 635 509
10448 365 543
13031 787 707
14833 883 560
4610 739 512
16328 711 596
7092 423 514
4474 1510 771
10310 1371 746
11542 815 562
6932 425 508
10720 1060 707
3602 1216 749
12542 713 616
9997 958 742
7416 1236 683
3006 847 564
4765 792 522
5098 1007 608
15291 655 537
11718 1037 759
12530 331 504
2484 424 537
12743 418 703
3825 684 549
11646 504 651
840 1057 748
14445 776 677
11554 704 587
16199 1482 764
7001 1290 685
8161 916 720
15927 963 509
224 843 523
5131 940 514
2215 919 704
3007 369 504
11636 878 638
15615 515 645
9014 823 649
5038 1375 773
17093 469 744
8053 1306 699
8658 1105 662
11704 638 617
10799 972 634
8040 463 612
11619 393 633
10884 583 603
11117 1023 770
11433 346 566
5984 1324 722
2880 877 567
9088 872 742
4022 393 707
15190 494 581
7306 1211 644
12924 1027 656
4627 1087 743
3932 798 685
218 1078 687
10854 828 638
16932 551 634
11808 1215 753
14154 602 756
15988 407 573
12378 842 718
11875 1223 725
6937 913 627
9532 942 718
15299 339 651
5095 1324 692
2084 1116 637
4762 433 620
7426 556 604
7058 821 685
16058 877 743
14643 559 769
15427 1362 755
13355 552 582
2345 1120 711
4194 904 535
15279 928 756
12441 1167 710
14060 1091 669
15410 809 581
8997 1103 753
10537 1118 738
7682 575 621
1364 1128 663
7000 1278 750
16394 1430 719
15824 1061 544
3072 853 666
492 341 538
989 991 607
7922 676 650
14474 375 713
9528 411 606
13905 1175 616
12104 626 725
4098 350 597
1554 516 711
13560 928 660
5446 624 601
14026 421 625
2937 1137 776
12688 636 675
5121 1357 774
13450 545 525
7135 691 511
16175 860 568
11161 1146 590
917 943 688
6911 838 522
7359 872 527
9573 984 655
6920 349 512
10061 495 664
8444 1247 669
11781 796 651
12094 374 562
15331 696 706
1203 509 660
3441 1039 676
8987 979 613
5042 1002 638
16764 961 699
120 1028 657
3693 713 611
6452 1130 575
2422 692 592
3930 663 687
15914 298 564
14061 1088 636
15987 284 545
2550 522 697
14838 492 562
4742 443 723
4465 728 706
6158 511 750
11078 859 725
13278 603 541
11685 573 654
7643 1095 657
6452 978 577
11978 948 545
2567 588 570
6010 801 695
9807 880 660
10448 1504 760
4838 410 501
14911 844 689
6255 633 641
13993 796 736
13792 1084 689
13029 1327 759
15577 454 645
5729 869 627
12749 1128 578
5018 1137 656
5280 1020 731
12372 660 529
6200 372 502
1944 1454 735
11497 876 543
1516 1202 728
13857 707 581
10599 1216 742
2486 401 581
2739 1094 707
8709 413 523
12656 1390 727
7279 276 516
14148 916 613
11217 1136 679
5489 1024 539
15178 979 501
15106 361 648
5034 1121 742
3018 369 565
8360 1055 601
3515 985 708
2504 946 581
8121 1068 557
13657 1248 647
1353 514 566
15302 636 543
15496 731 577
6521 1017 667
8397 1356 721
7663 1059 616
62 680 670
14133 859 697
14245 679 566
5426 646 685
1649 758 508
1683 1258 729
12547 935 571
9446 1348 756
15526 724 604
11160 1174 622
295 1200 698
9000 332 654
9696 1064 711
13993 874 736
11770 339 653
6241 1153 771
13420 711 756
12511 940 704
1027 441 577
10364 715 588
2714 1246 672
11849 431 505
6755 999 717
12033 790 513
9513 780 736
10059 475 692
9894 713 568
5877 1303 671
15749 732 537
14719 865 761
15705 789 772
6238 1108 555
3061 734 580
3998 1032 586
2459 932 672
4205 623 769
16138 979 625
5521 726 770
14745 452 638
7616 288 537
9366 380 699
11017 998 634
11640 721 567
16467 701 660
12454 495 593
16414 857 665
14221 863 525
8045 769 523
16045 1080 571
1477 481 525
2471 409 515
8543 565 569
13729 794 700
7553 665 646
4744 1009 680
14459 857 676
8011 364 579
9854 985 610
2675 724 700
15457 511 574
4103 697 639
16189 933 555
10580 999 505
16223 988 725
8845 503 732
9009 771 568
1697 501 518
12497 419 738
8101 600 598
14171 1192 631
12848 1042 524
14663 911 737
986 914 684
3529 605 610
14319 1092 684
804 285 511
6462 846 679
10711 889 745
5141 635 721
12344 947 597
12256 423 645
10596 1257 684
1225 784 731
11191 976 748
6564 786 691
15991 449 630
10657 448 748
15089 818 528
9519 1094 652
13596 403 693
16325 739 617
16487 757 612
8854 830 772
2021 749 673
4494 908 639
1016 618 542
6787 986 640
13522 1199 748
12419 955 693
3154 716 664
10239 1118 615
9676 821 552
16148 510 533
8453 1221 682
2833 1032 717
4712 290 533
9273 1517 773
9750 978 568
4498 1440 721
9298 871 604
5562 876 562
8089 1210 614
5751 908 714
5169 1120 761
2486 720 581
12415 829 510
497 643 578
9984 473 690
8849 1056 711
11441 845 743
8433 515 654
16676 1189 698
5472 919 560
5540 746 678
10033 521 652
15135 698 701
16683 1050 684
7906 647 633
6767 893 765
12179 1270 777
822 469 721
7257 1018 727
12580 1013 562
14901 586 742
8311 506 682
5658 636 670
9785 879 665
17386 379 563
7795 1042 600
15857 628 675
3584 959 669
12925 551 765
14855 758 694
1811 1197 627
3640 1213 698
8737 520 591
8953 662 568
2710 467 694
5803 1089 647
13713 463 554
408 872 506
8748 1229 618
840 1054 673
11064 624 743
10621 1294 657
8713 918 769
793 695 722
14690 605 762
3940 793 764
8382 1278 688
3954 629 626
15936 1075 561
9859 624 717
11484 1198 749
16405 998 577
10355 463 516
1744 869 722
16598 443 568
13670 824 713
7353 1421 753
4795 527 528
16676 298 514
9007 881 567
4254 1362 772
6105 563 674
1836 984 569
15284 541 546
8925 471 680
7948 934 549
6712 704 510
7471 651 548
2400 710 577
8388 375 702
16490 1200 661
1056 362 576
12034 353 678
15496 776 579
3124 387 652
16214 715 566
1681 836 559
12228 951 602
13570 942 541
2724 835 655
4555 792 729
1356 1363 742
942 921 669
4549 963 768
13729 757 704
3912 1168 692
5860 530 665
13933 1129 677
4021 929 612
13361 896 756
8147 426 682
8303 514 542
13524 798 618
6398 1280 760
5173 1174 650
5121 907 541
4463 900 511
14557 1038 711
14266 947 733
13406 989 534
13415 490 728
11434 501 517
8320 768 530
11537 1255 740
16512 1180 631
1680 1145 621
2586 1262 677
3112 371 642
159 1321 701
2772 1218 667
8950 906 637
1234 1047 637
4758 482 550
7408 815 765
2666 678 611
13901 1004 584
7391 551 535
8110 812 547
12827 304 500
15991 641 737
10092 1336 744
11277 994 538
2029 951 550
15681 1118 636
16681 1131 624
8855 1349 694
2748 957 672
12534 507 682
12136 1067 681
2659 1041 618
16597 777 742
12799 762 724
2911 1213 654
699 734 625
9686 1412 712
4137 382 762
11477 899 661
14590 758 594
10649 1424 748
4169 620 670
11271 454 556
3792 317 575
9451 1077 680
4966 872 554
6306 646 530
16213 1024 526
2406 534 521
548 1175 709
16690 1401 711
16542 1022 536
2940 677 545
16298 392 501
14690 573 635
8449 575 612
3533 573 573
14935 377 520
1596 1500 757
13000 1093 699
3743 574 776
5223 357 688
10811 555 616
13609 921 625
13835 1245 672
13197 765 559
13477 1133 752
9098 705 674
13396 855 508
16167 1068 598
11502 515 724
6060 520 588
7680 922 529
15862 598 615
2518 801 558
4989 410 593
313 522 569
5476 422 524
13107 393 509
17281 1196 695
5833 449 775
17295 913 534
2410 714 718
15220 424 703
126 874 729
401 720 710
4048 623 659
14217 490 661
16834 1004 739
15118 365 641
5970 332 652
5381 1174 661
6189 569 715
13075 989 703
9386 1163 776
14877 1252 715
6430 1024 728
10215 466 507
10787 542 506
3039 738 606
1368 621 745
6608 374 528
14325 988 521
11417 717 616
16142 1038 688
6913 770 730
16327 478 539
15952 607 536
3115 1259 643
10774 448 688
2422 298 590
7748 985 612
3903 855 773
6471 584 666
2390 856 551
13396 832 509
8632 589 649
11992 982 634
6346 1113 564
3733 540 648
8313 939 660
14461 817 681
13294 1146 594
11244 670 726
6823 785 610
3037 973 505
12547 1203 672
11105 858 762
13166 1195 608
16820 718 523
4210 827 663
2193 609 525
6648 387 743
3851 480 512
15943 523 744
10582 348 503
9179 567 606
11954 1321 663
11206 1077 755
6848 571 553
16865 722 700
5649 1305 691
13546 1077 734
11453 512 527
14711 324 612
11643 713 604
441 783 669
1420 529 581
13716 613 639
1752 559 572
4212 867 757
16275 474 711
8847 658 587
1569 1074 597
11739 699 518
7215 1271 662
3003 634 654
7268 413 541
6990 1419 736
529 324 537
5404 913 545
6810 374 668
13190 1390 761
3016 987 569
17144 764 644
4044 469 663
2857 994 568
1967 1193 695
10664 360 549
4679 713 532
3237 1321 686
9543 925 544
529 361 535
13299 887 628
16253 467 686
6560 1123 701
5458 860 581
10417 321 522
7446 588 576
6609 671 679
7198 1031 615
11221 1083 678
9587 590 771
12804 517 661
5893 315 571
2761 523 617
12155 1437 776
8253 673 526
6643 1004 599
7417 688 545
7797 872 686
15238 499 649
13010 1348 729
4710 631 659
2618 738 587
15473 678 664
1927 688 630
2465 587 690
4531 878 624
5178 755 564
15440 1286 658
14671 776 619
15814 1268 706
6799 350 614
9946 524 654
6272 1093 743
8508 428 551
13996 590 542
6842 874 607
4400 499 597
2708 618 556
11111 1013 735
7845 700 731
14518 460 777
699 427 621
16573 464 681
14658 293 574
5041 361 601
1739 578 552
3928 1177 773
9847 1096 550
10378 656 563
12424 806 744
15865 437 706
738 439 539
12796 1327 727
7361 435 689
7416 535 610
3512 875 719
2738 1411 767
6919 355 594
11774 727 645
12186 431 657
15658 574 564
13465 514 624
10487 656 695
11046 1076 627
13607 924 626
2824 505 559
12915 1239 715
6839 824 693
7059 933 602
3957 888 544
6551 909 683
4994 1350 761
6416 1077 635
7922 407 609
9737 430 687
17174 788 515
6203 1011 574
11860 641 574
17068 849 714
4596 1177 732
2759 875 622
5099 397 567
14716 869 613
16057 303 605
12656 811 631
7372 1005 523
9443 687 518
7241 444 510
9934 983 548
807 1127 688
15594 562 588
2009 777 557
9605 601 734
4231 732 611
3082 723 614
15060 751 633
9606 865 663
8448 950 548
14154 1189 732
13582 503 529
8986 802 536
3111 1101 688
2810 782 580
9997 980 610
5037 1356 762
1769 1289 758
9137 1270 670
14403 1099 748
7058 1271 663
14873 661 604
11245 475 658
5541 951 730
16919 327 538
1569 339 607
3130 655 678
12980 575 638
3281 327 625
9101 873 593
1909 313 539
13422 1124 613
14895 433 615
1474 362 724
4322 1080 682
15079 343 522
13850 445 586
17329 1101 612
5341 472 660
2824 376 691
12748 447 646
942 602 565
14623 1009 589
8235 766 569
9168 1184 638
14497 1289 664
11727 1258 665
5610 781 707
6832 799 697
15405 1072 582
10063 1176 694
7671 1030 611
13741 699 669
7079 467 573
2014 693 644
13588 335 518
1113 377 647
16690 313 608
11971 1112 618
10246 1221 721
2770 1271 677
14288 989 571
9706 888 557
10665 705 730
1890 545 650
3339 837 540
13843 1137 703
7176 1369 768
9280 1457 752
5963 1014 735
1680 484 526
14342 874 638
3828 833 622
3202 490 642
990 1361 707
5206 567 687
8797 698 714
16878 1156 639
10553 662 732
9542 846 608
6349 1307 751
10206 905 582
3941 779 688
3030 683 560
14355 649 611
8293 952 619
4472 565 703
17003 674 723
16392 1323 772
6149 553 557
8706 768 603
7613 587 510
1950 1121 562
15289 503 594
9798 644 608
9378 443 573
15945 1008 734
6557 1523 769
6116 1104 719
9181 457 559
8421 912 518
13819 687 691
9135 929 518
6752 597 733
13555 782 637
9252 644 728
15433 1277 699
174 996 530
8776 437 505
7230 1228 671
3041 358 623
15395 323 606
5900 993 653
14868 375 738
898 1138 646
15692 516 696
9297 807 554
2180 457 690
14582 762 762
16827 1418 712
10883 841 561
3569 1250 752
1526 1245 693
13176 594 651
4150 562 675
7915 372 701
10 1105 736
4765 1373 708
12110 752 614
4341 355 695
14401 1022 632
4035 446 620
9877 960 537
14470 882 731
3897 1224 742
3173 603 714
5881 497 561
4872 763 516
679 925 597
14735 304 609
9163 1118 622
5128 768 579
1685 400 623
7018 641 718
1510 879 734
11261 733 589
13460 622 686
6478 551 563
13911 1216 713
12272 1036 624
547 1092 629
3945 809 694
8223 442 618
520 914 764
16093 406 671
9056 802 593
2598 435 581
3517 1264 702
11484 1054 537
6987 827 611
8219 939 691
5144 953 647
3039 691 751
8051 1319 745
13887 489 530
2279 318 580
12828 1010 663
9458 1149 615
2117 1103 686
4079 458 746
10050 383 531
859 545 543
7789 474 605
4421 1276 639
11709 595 765
15099 1244 660
8855 746 575
9430 433 571
12207 650 578
14046 999 722
16258 924 596
6237 355 616
17262 681 645
1758 785 695
12049 695 590
16243 797 545
14256 462 639
312 325 500
12571 597 764
623 724 587
12024 723 670
11071 699 512
15161 953 520
17288 832 596
15131 398 566
1255 906 561
17277 1054 578
8233 336 583
14971 715 676
6261 995 565
16141 566 755
919 1297 681
8592 1405 708
10832 576 505
9641 475 598
14010 799 543
10668 880 508
5615 712 500
10641 909 516
2243 702 665
10629 471 536
3671 592 552
4642 852 574
966 364 568
13617 1156 625
365 426 737
2878 458 683
3697 693 749
10315 262 523
997 826 626
4555 503 623
8655 657 590
7115 752 735
15826 337 576
6696 958 638
5097 729 713
13302 997 546
2251 818 668
3183 438 687
9776 502 722
6266 496 611
679 1107 596
3403 459 703
2880 830 543
5275 643 670
9331 468 610
14579 815 563
4717 600 507
4859 522 759
12920 672 528
3637 623 668
8087 380 627
14762 376 536
11749 1059 609
5596 454 503
15878 756 551
16782 1343 673
9284 830 520
10766 862 517
3993 425 719
14316 973 669
1804 1148 622
13594 481 624
8591 1004 519
5187 1128 663
10737 1388 742
7482 466 717
7818 1019 584
7262 412 741
13617 1032 757
3770 1064 572
15049 1543 773
4490 629 634
14987 393 774
14435 1155 665
8254 800 510
16650 1456 736
7547 754 525
3547 514 672
15056 722 543
9174 500 578
13734 440 688
6172 1206 721
4965 422 753
17027 1381 727
3612 941 717
15458 802 519
8428 691 739
12420 733 650
11597 680 603
7959 717 516
6362 837 636
738 625 654
10297 660 689
14342 974 760
5233 294 571
7277 757 503
6733 1050 620
14038 804 740
13 1120 668
8891 1118 689
786 657 697
16183 941 681
3788 913 707
4068 919 735
7217 728 503
7326 951 586
3928 952 767
14569 636 705
12658 1371 743
9295 1090 584
9467 954 766
15059 1250 716
12106 1309 765
2180 449 573
7493 1189 635
13546 901 594
12174 1353 773
501 513 771
3239 972 574
8484 692 712
11882 948 530
1728 589 597
11835 797 673
14917 537 542
4327 313 579
8433 373 642
4466 1134 754
7416 381 619
3803 1189 734
16722 643 666
10805 1301 702
14807 589 712
15900 460 575
15074 628 763
14510 960 610
3772 708 775
14403 768 615
5928 654 644
14299 988 771
8267 434 506
4803 452 693
11845 945 631
9380 567 546
12497 490 617
8605 604 748
17107 671 592
9718 913 534
2344 552 747
4754 512 663
16716 1331 775
9189 1412 728
17053 1117 694
3702 613 550
13998 964 742
8794 1003 543
1130 277 546
10817 1156 700
6036 622 570
9795 476 707
3482 511 544
1040 529 598
3484 299 557
8332 938 550
4069 584 546
6858 767 570
12294 395 515
12937 996 549
10813 1095 575
2132 1149 619
4790 789 647
16825 525 722
372 1017 592
16754 670 622
3112 851 520
248 812 673
5764 1041 624
8009 744 720
4498 642 764
16498 652 641
5558 1012 731
10186 890 584
13810 402 542
13984 669 749
6515 1218 703
923 1043 666
2934 972 543
9960 430 604
9246 997 603
9355 278 513
13407 791 561
2243 815 553
10000 412 525
7658 608 685
17332 308 548
16284 283 550
4369 545 723
5507 775 644
3090 592 708
2209 1181 741
1084 494 656
12517 1157 753
10087 1022 760
13752 881 531
10884 1470 741
13496 795 652
7216 1298 705
3546 1403 723
12363 451 764
9248 382 592
1510 582 506
2341 634 687
15425 881 638
1318 814 750
14393 944 653
15177 928 579
14869 814 663
3634 784 757
9270 744 688
14495 857 564
16611 768 732
1470 414 635
12486 496 642
10412 1403 730
6996 1188 698
6087 639 577
1082 362 570
270 888 585
1420 714 591
5693 841 586
6273 589 590
14736 670 536
14744 797 587
6334 1371 728
2445 587 577
7462 411 667
8685 861 773
8593 996 650
16478 1146 695
9388 1177 668
12544 374 578
5766 976 621
9390 424 722
6413 1181 712
3530 608 628
9466 1400 710
14086 680 636
13837 814 546
1718 916 673
5574 444 558
3982 463 749
8784 374 532
8117 823 588
4007 1204 678
7560 858 547
216 1093 584
8115 756 607
2438 527 568
16369 832 649
14322 1140 735
16701 1072 605
1250 1025 615
13244 828 544
11572 1095 553
6252 972 699
6908 526 547
12802 532 665
17057 602 690
5650 649 652
296 970 657
7093 404 547
15067 472 644
7906 990 648
5394 393 580
16651 361 677
2478 644 734
9857 813 708
1408 1026 717
821 412 579
13431 584 666
9326 973 671
12879 907 688
6224 773 605
13828 746 592
8525 735 750
9657 1176 681
6937 865 541
6354 892 723
4470 1411 707
7765 1198 640
897 646 728
5131 443 604
1421 660 530
682 744 522
12186 1220 658
14121 433 625
1306 1254 730
11662 364 515
15964 643 636
5629 418 617
11850 762 695
8907 650 556
5412 419 551
4799 982 503
923 394 666
11706 1070 605
7833 394 608
11536 563 660
13039 1151 747
6826 568 527
14642 630 678
8352 975 628
15109 1347 687
6471 1173 757
13188 923 773
15050 982 589
6392 696 724
15214 496 629
14265 445 554
7904 1080 636
13986 947 507
12486 1343 745
8237 800 573
11650 609 528
10635 1193 652
15799 996 511
17069 897 697
14343 476 688
339 554 740
718 468 511
7045 1158 656
2709 674 500
4827 605 573
14306 538 514
1538 1324 684
9716 919 525
3583 829 762
10256 727 644
13663 808 775
14344 1099 740
8254 714 634
14519 650 598
6836 516 651
5859 951 592
6999 403 729
9234 367 620
15991 934 505
12963 635 614
644 652 722
1361 803 549
9975 884 509
5653 541 565
7217 265 512
8791 520 527
7243 686 613
415 449 575
8447 676 610
14588 850 723
7702 754 585
2034 1519 760
10798 961 534
16622 475 518
395 1113 566
1559 1170 593
7115 876 610
11135 1245 701
8118 332 659
202 1174 604
10806 1323 694
11228 479 656
17287 791 545
8334 1247 632
6943 981 705
8594 1362 715
458 848 519
12367 1299 722
3031 753 767
6859 994 511
3798 969 548
8269 660 657
5359 880 608
5916 1004 504
5810 592 653
25 1134 638
9708 445 570
11822 678 730
13762 1015 550
10136 426 691
2239 669 683
12996 1393 731
3789 863 627
5773 1339 695
5032 747 742
13348 1101 683
7473 635 623
14098 782 771
13738 489 686
4766 1170 651
15235 953 572
259 1060 543
15817 759 529
2394 598 650
12908 630 750
11100 570 776
14016 641 529
10847 1229 665
12066 516 614
669 431 765
3565 947 628
13176 1048 764
5377 1131 686
6557 1024 521
2855 1005 717
13461 1168 735
10862 862 590
8181 860 580
13067 1256 752
1617 1041 717
11906 387 693
14288 606 561
10260 1079 597
11142 1209 674
6491 570 731
2258 958 575
8863 564 685
8857 1390 714
17121 1354 678
10064 414 525
13031 389 514
14893 1041 722
3113 935 571
11034 771 508
13088 326 525
6672 513 566
7472 1022 679
8614 297 567
15744 495 514
15068 854 706
14470 572 527
6976 892 663
3878 1158 645
13688 960 518
9533 913 751
201 494 550
5488 462 505
2505 949 631
13510 1142 760
2937 776 598
6790 893 563
7159 349 534
10434 759 703
2143 1067 658
1664 1028 678
325 1019 521
1397 528 717
11546 822 522
1806 688 730
16916 489 633
562 990 665
16557 307 582
8454 857 597
9884 888 523
2220 340 541
2678 522 759
8763 565 572
14185 620 534
14924 1193 745
5740 719 534
15526 1038 716
10331 920 522
17340 1055 637
16700 874 556
14306 900 772
1702 623 751
473 974 676
3378 757 525
16053 684 589
14502 676 573
6978 874 631
17161 967 578
16582 506 587
8621 992 722
16364 649 572
17067 652 542
103 1472 769
13176 1461 756
4643 484 500
10729 1268 695
4923 873 534
9129 727 548
424 378 724
16043 525 587
13778 946 563
6236 478 554
7589 997 618
490 882 579
16698 1216 688
2882 575 631
15164 1208 713
1372 854 713
12203 1315 693
2439 453 741
617 944 530
8923 1109 701
14480 1024 638
11193 907 506
13124 1177 692
5430 1222 614
13665 757 775
16357 597 520
2395 1167 685
5555 808 594
15734 818 518
16256 1130 726
6840 1400 746
4500 1408 742
9182 544 506
2270 719 610
14712 997 749
15 1152 756
3998 366 576
2461 441 556
13818 995 738
17229 784 553
16157 982 520
16704 1027 546
8129 1006 693
3123 801 587
11956 319 554
16064 921 663
14924 663 625
3105 365 547
3646 621 622
16759 1329 740
9630 1003 748
8490 677 693
2537 750 546
13775 564 641
10202 1021 602
14363 348 693
5406 830 547
7888 712 520
10715 600 502
12852 836 513
17233 810 747
2103 958 714
7825 885 566
14677 518 616
16556 873 757
416 1318 723
4596 937 620
9062 920 771
869 1111 662
9220 835 528
2003 921 712
2621 606 627
15522 475 763
6701 1091 584
3140 531 598
13912 919 530
13221 376 651
12766 1461 748
4828 542 509
1196 942 678
13585 306 591
14118 480 575
7493 826 646
1420 721 712
16900 843 673
8122 1162 643
7460 1289 664
3643 1030 621
5953 867 773
15550 1054 736
11084 694 583
5280 1125 762
5846 1207 642
9877 1104 684
467 903 605
2879 484 574
17068 425 509
2799 792 602
9622 1177 643
11022 807 624
11542 781 616
15987 367 685
14570 882 679
9036 650 729
3697 915 513
16411 468 502
7309 1092 636
9039 958 652
7444 1380 707
11946 1172 648
2932 619 729
2035 831 584
11786 800 517
2282 555 736
17283 419 525
2018 792 508
14442 276 540
6968 1073 634
4482 977 710
12582 834 525
12432 804 581
1854 1091 594
2490 535 524
7375 1310 707
14640 430 666
9548 484 634
6709 577 631
10729 504 562
11697 1354 761
2165 972 543
10538 987 526
1574 1008 702
12526 791 587
12831 715 651
12812 372 600
10862 612 713
4093 1443 745
7221 978 712
10914 603 764
7266 706 595
11507 809 564
3917 518 588
6864 529 505
16232 1294 661
10216 531 762
3645 651 630
6789 1283 761
11491 971 603
15117 1066 557
13054 672 663
7111 508 662
12608 750 557
4438 548 649
14728 1152 581
11855 389 766
14642 865 641
6450 731 545
14437 985 750
1909 1049 738
11907 868 635
834 1315 719
10469 1025 606
7619 656 529
11831 547 608
12035 937 640
6546 810 581
5912 857 755
7244 867 661
13911 412 650
12925 729 528
15899 1407 745
3730 1181 630
816 1163 630
1465 860 513
8667 1019 648
11452 610 508
6595 682 500
6436 777 536
16122 902 550
3987 876 743
9758 1046 529
12482 697 709
11313 441 546
10043 687 532
7381 320 549
11986 938 561
1282 1171 704
10521 1061 714
7988 811 633
4372 879 722
10864 797 704
1645 959 596
5946 292 554
15365 607 513
11287 807 683
1746 859 687
9169 920 672
5444 1021 670
65 434 568
7036 698 643
8713 1339 672
751 996 748
6379 929 529
6524 1314 777
12147 448 508
3852 675 725
4242 510 627
10545 1029 517
16764 680 772
4803 983 639
2385 392 575
11635 811 522
7724 1064 584
9351 518 761
16243 809 716
7217 380 761
5364 1116 723
2014 324 553
2048 943 634
8437 1008 536
11587 1196 624
3168 924 568
3588 1070 602
13949 567 602
9149 1064 589
9200 719 539
5959 1166 626
1336 822 745
17121 507 668
3192 1215 767
8692 872 715
193 481 598
4220 692 652
999 998 701
8009 1048 775
6661 949 771
3759 832 520
10755 1083 758
13219 773 735
6197 567 556
8435 600 550
7916 1044 742
12182 1461 746
8853 917 667
9675 1012 696
10371 570 600
7302 889 527
5726 746 594
14224 603 550
11931 584 630
1402 676 523
1711 866 732
10590 860 669
7012 1062 553
2939 512 589
12650 517 618
7332 503 578
3737 337 549
8196 894 525
3984 1225 684
16632 418 518
5070 771 688
15075 465 712
6508 1241 665
6764 535 716
6550 552 552
6128 1145 648
10752 1349 697
14541 1466 775
12203 265 514
8920 339 617
2915 1375 695
13096 1260 761
15676 856 703
17097 318 542
3367 830 578
6372 1082 590
7577 349 500
2875 849 702
16365 816 544
7719 1271 775
4145 1118 619
10754 795 571
14850 950 639
9343 602 590
16991 667 694
11605 1174 613
8299 727 613
13463 1186 624
14243 962 537
16099 676 703
15867 643 717
4328 676 656
12737 817 702
5408 877 537
4924 1016 697
536 532 551
16432 835 772
15111 439 665
12890 899 739
9142 926 590
11544 735 712
12392 1269 769
7552 693 674
5453 763 723
15063 487 645
8771 523 513
15766 1127 596
9141 462 664
10925 641 688
14669 936 658
15526 379 515
4531 742 710
4402 828 690
4133 645 670
15303 921 555
2323 662 578
15885 892 766
94 1118 592
4698 450 718
448 706 516
3053 1123 612
11254 1079 604
5582 1004 758
2940 542 520
6285 774 739
3792 1003 531
1224 478 604
6666 362 672
8209 1143 689
13916 744 536
5920 366 620
15564 1092 678
3712 630 545
7096 529 741
15543 511 548
6049 673 669
1636 1308 741
16557 412 555
7609 713 678
2207 1053 592
13330 670 632
1324 440 502
10743 374 655
8196 771 529
1211 457 706
11802 554 705
8417 472 580
8982 1119 764
7599 1025 529
8378 947 611
12881 551 658
7388 1368 696
78 539 628
9923 718 572
1223 986 663
12028 312 603
2280 907 742
11912 435 711
11056 357 524
5971 599 754
8502 378 656
5928 595 595
11817 644 503
11165 946 517
17171 880 573
8497 642 538
1055 1114 658
6027 364 559
3250 1028 565
15799 1096 586
9807 517 576
1687 672 761
7857 667 761
3077 341 524
7935 723 650
13100 1224 716
3938 1002 692
14920 594 651
16543 812 680
393 756 544
15201 560 555
13970 1125 726
14323 993 739
4314 1002 669
4721 1254 642
12066 522 643
11827 862 736
3442 412 652
14243 1218 757
9357 871 699
13480 663 711
10170 1009 715
15799 1046 755
14315 636 759
9246 556 703
16527 831 587
2707 742 727
11386 1033 637
10627 894 687
16938 1051 528
3792 755 624
5549 527 760
12946 407 546
501 560 667
10325 459 703
17177 477 634
6683 1081 653
16804 297 561
6469 321 525
6135 1289 694
15431 777 548
5315 1183 654
14868 1245 629
11790 1129 582
7325 906 691
10389 832 643
13229 1114 645
16957 567 521
1013 923 692
8970 1237 684
10706 1266 645
10663 1166 691
15509 1098 577
4168 749 603
4050 1178 712
12063 927 567
9957 1183 595
770 745 753
3823 451 742
15128 625 526
1391 341 682
13644 558 736
2459 634 764
9556 862 511
4457 1176 678
3127 1119 668
6192 690 662
3022 636 577
8920 595 624
14089 967 545
10949 635 600
3454 1448 751
15251 352 511
10109 687 566
8533 830 585
11028 581 637
10413 1056 631
15156 1191 613
4148 973 682
15950 681 636
10154 893 619
13321 1444 758
8459 880 674
12125 1221 742
5527 480 557
2533 868 622
14663 1131 593
16188 775 537
30 1054 635
13241 1040 633
6426 948 628
10679 424 526
16710 1133 610
5985 381 615
3688 494 741
15239 1215 737
1100 770 683
7120 612 556
10097 659 685
2283 953 657
1105 684 682
6658 784 748
12804 767 739
7348 896 541
9173 297 535
1930 1043 769
11254 886 600
3309 753 640
5720 437 753
6754 693 505
7471 859 710
3027 972 750
11580 1284 737
3688 477 668
9546 1038 538
638 563 561
2433 408 737
12155 657 718
11524 784 665
3733 755 682
12454 981 505
2850 595 718
7769 906 653
5354 537 511
6156 1230 716
10920 944 565
9103 1138 677
13636 447 630
13392 1059 563
1005 461 661
3298 506 624
16511 738 597
3889 614 613
4553 1011 716
3691 420 670
10826 417 599
12104 546 650
14751 643 595
8369 626 549
11715 675 602
1183 1059 721
7492 877 607
6717 374 513
4562 463 523
10381 1140 583
13690 846 624
10798 840 526
8544 496 741
13680 973 572
14428 478 732
16392 1070 686
3664 672 567
10449 562 689
16779 818 526
4346 917 616
14152 1004 698
13847 548 587
14908 942 518
13177 461 719
3828 682 532
1851 382 517
1272 803 739
6777 371 545
11289 666 559
16009 1234 735
4028 1350 705
12046 985 531
198 303 577
3742 576 612
9330 837 633
15303 709 732
16729 566 598
10036 467 535
14293 1468 777
13680 631 697
3502 1078 629
5889 617 614
11143 444 507
927 479 571
6169 445 503
17199 1074 673
7294 467 604
2679 920 748
12915 391 673
15590 999 608
9068 1169 702
14888 720 714
9866 394 515
9419 667 613
15980 753 570
10559 724 684
3608 548 538
16825 1132 567
15004 579 608
703 1331 702
1126 825 754
5436 1175 691
10985 1307 741
17394 873 579
6565 991 671
7195 531 509
7378 909 630
9739 663 707
15317 710 655
2821 1060 709
2483 415 555
15669 1183 775
12200 502 602
15471 635 512
4559 842 724
6393 543 610
11686 446 611
13991 517 530
16934 1101 573
16708 578 655
3949 996 527
13576 727 707
11759 954 691
14253 711 675
6827 1139 761
12327 1257 662
11001 971 702
9408 556 576
4741 786 691
9900 982 596
10060 366 657
13477 331 612
13467 741 591
13529 931 703
1168 439 693
3454 657 565
13380 646 564
2318 375 699
8894 330 539
10035 1062 595
16287 1151 667
6300 643 733
3555 786 766
12072 626 503
8891 1091 729
2886 455 635
9850 626 669
11363 382 502
10991 659 612
12033 1102 607
9145 684 507
1185 952 742
5835 373 614
3951 971 623
6868 1034 599
2686 1006 627
340 1050 689
8322 454 756
559 665 521
4954 617 572
4944 857 539
15740 1168 752
7496 963 715
6658 411 618
5040 1255 681
13277 451 519
4199 559 611
4373 345 675
14824 880 597
367 627 728
1396 572 714
2038 1085 651
5394 400 563
12737 588 715
6552 1141 755
1971 471 524
2441 746 580
5536 1051 719
760 392 506
10046 977 545
8725 561 593
7979 1130 702
2229 726 547
1891 637 570
16534 507 643
8560 457 717
2632 420 718
5423 294 530
14240 853 633
15434 1092 597
16501 653 683
4856 758 521
10691 544 770
6596 1418 719
11915 1055 624
16430 389 645
13392 526 575
5358 691 532
13666 1139 713
13941 1247 703
4681 955 541
6724 921 650
4911 494 557
9049 671 687
14898 397 638
172 653 506
11361 942 510
1578 1243 677
8284 999 570
12200 571 603
12333 263 505
16376 506 726
14879 834 739
665 453 613
2270 748 501
12006 415 702
15825 1479 770
11066 715 617
9310 769 530
8798 752 552
14146 803 552
10837 1082 666
14866 579 649
748 661 735
15088 747 514
4089 323 509
3380 811 671
15944 364 709
1698 320 551
1605 1060 698
5357 1009 695
1892 1047 595
1752 888 619
3756 1125 583
1369 1054 714
15956 1199 664
1373 797 678
8526 1015 515
9499 1064 683
5814 1229 737
13941 1148 686
5299 757 514
488 843 638
16703 927 515
10931 385 765
5380 497 581
10871 789 766
15621 368 640
735 806 766
3768 461 566
12356 588 683
17048 1053 600
14034 1205 741
6404 1028 520
12788 510 657
7887 684 504
12125 325 618
2516 1130 582
4505 1411 748
304 863 674
10432 1453 753
15466 672 595
11304 1155 660
982 896 690
14994 1179 593
1914 653 652
8383 785 520
9447 355 695
8688 733 657
2583 1043 692
12071 1062 574
11357 960 530
15077 740 719
15670 911 700
8692 608 576
11531 1505 771
12095 810 680
1670 402 512
1209 586 591
5702 325 618
17030 1048 663
14993 1198 659
9346 492 737
5367 1337 738
14245 485 553
3989 754 594
12246 390 749
1231 1071 565
5081 547 657
9416 1000 560
3489 1036 749
9240 1238 749
4392 814 525
11986 362 684
12955 1161 594
10915 1039 557
10032 296 547
1695 588 502
17018 727 733
9911 676 763
14645 469 689
2802 657 759
68 772 608
16813 751 589
7582 1230 650
9831 1198 691
5055 597 748
8347 1284 723
2152 590 768
1628 968 579
14204 963 724
16405 1223 746
12556 1324 758
6344 506 554
9800 365 580
8693 1161 760
638 404 585
9158 654 759
13568 827 549
11317 453 753
16291 815 613
16050 626 769
7070 573 522
16111 551 625
10853 524 547
10420 996 530
16319 522 682
2426 386 659
9601 672 575
10039 864 693
12759 457 742
5647 690 617
17040 622 514
13486 911 710
9493 351 523
10793 1255 731
428 494 584
14520 1065 651
982 1055 687
399 1022 515
10004 321 642
10495 642 598
15368 1090 754
11451 1378 692
10460 585 573
7788 1348 747
1656 613 650
4912 570 728
9890 695 742
2934 682 709
15536 755 606
4976 484 581
6557 650 684
8173 633 748
9532 880 672
7944 581 716
14583 681 610
8135 879 591
8499 1194 743
5691 413 698
8167 417 775
7396 718 710
7831 1041 537
2681 959 642
12935 1193 762
5452 532 677
7188 1346 733
9445 1217 699
2340 613 611
9100 1379 754
9019 398 714
8130 645 538
1850 674 735
14984 958 640
4597 340 540
1432 491 600
8636 1464 765
6590 625 731
9293 723 760
14131 934 617
97 984 637
9519 624 516
13255 436 545
10071 1057 604
2329 1056 677
11990 676 545
13070 800 644
931 590 540
3885 361 617
621 884 746
9953 728 516
5776 1064 537
9889 1080 686
6801 709 760
2769 1315 726
12990 804 564
5989 640 661
9943 1163 745
6741 689 561
12156 1197 656
8815 790 688
9427 300 600
1476 590 659
5063 1350 721
15088 546 639
13899 544 660
16573 948 749
10909 348 564
8331 807 653
15283 1199 663
4197 408 511
575 925 730
968 774 521
12457 616 549
2857 309 616
2328 1450 739
9794 662 600
14293 700 766
288 675 598
8880 1043 775
2944 630 720
5663 1002 742
2495 1200 650
1031 985 644
2727 872 533
2819 706 527
4750 502 553
4089 850 507
7095 594 561
3508 742 649
6318 431 668
11561 414 709
3289 777 535
5316 720 744
8455 518 507
1919 1178 604
686 1290 677
6097 1010 638
11005 1018 582
1209 1214 714
8981 1044 736
1106 325 530
5500 375 536
7239 944 617
3564 798 610
11617 576 605
6582 461 588
12214 482 609
5329 938 508
12832 1139 697
1995 513 550
7082 730 640
12687 498 679
768 629 556
8158 415 641
11170 1081 623
5204 1256 711
11267 1177 614
13564 567 724
4472 1261 729
4410 803 594
8862 1042 651
11722 1054 770
5531 877 621
11914 1205 696
10899 904 702
12424 1301 695
8866 463 505
4032 967 545
6641 782 705
13067 628 735
13744 986 750
16767 759 707
14759 733 587
5091 400 769
10994 504 550
2491 630 696
13287 1244 719
8541 1234 682
10278 665 543
5832 788 670
11396 1169 661
6466 976 590
7474 484 655
12306 1413 712
12839 558 715
10106 949 750
5654 576 711
7705 290 542
5183 1308 776
16644 525 523
1577 914 511
10919 988 751
5794 1073 658
14109 392 759
8771 569 672
4170 1066 583
6990 400 742
10938 1009 735
354 1244 676
2072 1076 725
10904 1254 753
3622 972 503
15194 495 518
13477 894 609
5193 929 532
10469 1043 741
1947 490 563
14548 600 527
4247 778 564
8693 1198 633
17114 355 592
16542 386 769
15897 837 508
10147 640 732
1032 684 583
7335 495 595
12147 348 629
1055 1229 641
6383 500 629
4004 570 657
4283 294 535
4208 1181 684
14559 279 510
7038 1099 639
11858 576 662
12223 339 590
16445 1018 567
11008 811 638
664 1125 769
16365 1060 536
5920 806 615
16196 644 575
16286 784 599
13006 428 502
16341 949 764
3694 795 579
11264 316 603
4128 889 636
15272 482 590
4608 797 705
5886 1095 689
13589 1225 634
3144 692 537
16566 1200 735
4878 983 776
8067 1196 735
610 813 625
16214 554 755
10459 263 520
11542 323 504
17096 533 709
10734 968 623
15653 673 647
1190 736 553
1512 1041 685
1697 1055 582
728 999 720
7872 978 509
5566 715 519
972 784 648
10911 1164 717
449 402 588
13395 936 608
4678 622 760
8629 668 606
7131 1365 713
13953 1053 705
6482 928 717
12998 616 690
3856 386 759
16416 771 543
6801 450 662
16711 757 694
11878 322 599
12140 1114 691
15761 576 543
15704 1110 762
16475 427 736
5466 1528 765
10794 1201 773
15064 425 559
6750 618 529
8683 1015 769
9931 775 715
3299 874 538
6721 972 610
3443 1290 715
9 794 610
15727 1237 695
8935 1010 674
8473 1157 638
16451 695 697
10841 1196 637
6484 1167 710
8892 966 538
14992 441 514
2813 900 678
14506 737 566
11205 964 604
2997 437 719
14667 496 709
152 1065 773
13455 1186 594
5728 1252 668
12782 1223 761
15940 356 502
390 1210 734
12334 1444 766
14684 983 572
4723 1163 637
14073 857 697
11393 988 520
6104 694 624
11600 845 687
14832 525 568
15654 371 583
11260 1218 743
8235 1164 606
16543 592 573
2294 1393 714
5885 312 593
13668 1057 674
1062 684 710
8473 1121 768
9801 840 743
5559 377 633
11348 1154 615
5810 399 620
5447 878 752
7851 1236 732
5447 1346 745
11744 650 530
6426 398 535
11621 760 672
16148 489 763
6014 809 523
12031 1209 765
4157 1417 741
8692 569 698
2108 1201 631
9880 340 653
1006 803 574
16633 461 622
2301 1353 758
8789 567 513
8673 1196 743
14317 266 527
2083 1183 622
17252 1276 684
8628 1128 668
17077 619 614
14870 620 521
4365 443 550
15922 829 522
11399 583 575
4252 755 759
2561 1218 644
9621 1185 735
9113 838 591
2465 1104 697
1217 774 585
783 1141 681
4121 367 575
3630 1452 746
6650 339 582
16797 394 530
1958 1340 715
6912 1103 641
9300 975 568
3472 1200 713
4614 926 641
15679 285 508
12558 1098 698
1504 782 760
11132 940 619
2412 644 571
9919 558 734
4664 931 777
14006 784 642
728 1253 712
6903 946 639
2841 757 662
9329 331 574
5015 726 667
13960 1311 754
932 502 616
11388 915 515
6252 1097 589
8539 1105 682
4749 492 613
201 462 719
13739 1046 579
16654 414 648
16386 890 744
11754 681 580
7658 429 652
4226 1175 637
8183 717 619
15885 826 527
8736 407 519
2904 1223 717
2513 600 642
7582 412 660
16778 676 640
4766 576 750
12627 1063 756
2989 460 723
3354 1002 532
9583 411 631
16863 667 668
1369 487 501
9104 551 508
13990 1046 605
8598 421 751
2558 636 740
319 462 568
8776 308 592
11371 612 645
33 854 715
12166 948 512
7876 745 775
16795 770 665
5706 649 727
14726 287 574
7772 549 678
10471 965 759
17296 972 547
12685 1334 694
1698 395 522
3842 378 532
12540 780 684
16417 761 742
8859 958 520
3298 700 754
10545 754 731
10186 814 557
2757 808 601
13023 417 573
8094 745 528
8564 1045 555
1799 971 645
5963 908 582
14646 399 697
9974 336 673
1726 459 616
11866 501 586
1888 1030 620
4922 894 697
6874 758 741
4406 1438 744
14421 1026 661
13134 908 770
2444 649 606
8684 545 581
16186 958 567
3492 1106 561
10748 471 573
459 856 599
6530 443 735
1710 1129 633
3749 734 673
4544 335 559
11649 1408 762
7400 574 583
11967 657 654
10291 1367 708
10894 703 656
8532 817 763
10267 893 564
13141 630 647
8756 1261 746
17300 926 507
9906 1098 696
13272 919 548
595 1042 556
11383 405 515
16423 1159 588
9266 1059 726
13352 600 643
13448 643 592
13502 598 559
10686 825 702
8246 821 655
1227 590 636
7173 474 582
4515 394 766
10837 491 661
6915 1321 768
9406 484 549
14551 465 659
8114 529 507
12141 1036 768
12701 669 546
14122 466 650
4350 735 626
16694 691 672
142 797 656
14096 469 701
10702 1231 653
16494 830 589
10152 815 634
4549 781 598
6685 661 534
13226 1158 598
9862 427 539
12810 1016 605
12019 923 649
2728 955 699
15368 524 766
12893 694 681
13102 695 568
15570 655 685
11813 849 508
15854 792 680
4824 321 570
7055 633 534
16071 893 512
8913 754 505
13271 581 520
1058 647 572
7123 399 635
9810 960 594
14090 617 595
15296 1114 642
15791 694 638
5061 454 625
16732 734 564
10537 529 566
14766 900 736
2810 819 753
3809 992 545
14683 815 649
13848 820 657
11651 805 538
17147 591 513
12076 695 773
14778 630 751
658 724 749
9432 1144 596
8114 387 747
10256 866 576
11225 372 671
5084 840 630
6950 657 505
14821 1184 705
10254 400 717
15309 1052 704
14367 387 510
4453 1055 652
15108 512 570
1851 948 649
12486 1209 706
8226 556 720
14076 890 573
14969 946 625
17187 1126 606
14720 968 748
8053 349 660
17090 549 774
6028 937 588
4362 651 580
2701 490 586
2795 328 504
14562 1117 725
4979 989 548
131 379 581
3818 1077 589
3830 1215 710
9450 403 694
11492 418 691
14081 627 585
5932 1189 635
3757 919 567
12005 618 747
9353 1371 732
3368 486 598
6550 1209 636
17034 1150 636
8003 1100 681
13724 1209 736
5875 881 745
9720 890 610
1619 1193 766
8525 1148 664
16254 722 683
709 676 697
10169 813 520
15195 587 565
6304 704 729
7710 1468 771
15277 589 568
12936 682 656
11272 767 685
4406 543 656
4432 765 687
8851 847 517
16629 472 745
8346 350 565
3428 1041 678
11595 1165 680
15180 860 539
9778 860 511
14586 456 572
3611 506 612
7290 988 579
11269 426 500
7200 1182 659
14824 684 509
9477 995 689
2496 634 603
5373 601 750
10290 1243 688
10712 666 553
10540 1435 746
8830 1093 757
6521 1094 690
2864 578 619
7386 516 580
5240 1069 747
17284 959 545
3435 762 756
11583 536 572
5225 1247 699
1381 836 716
4352 790 718
2844 1034 709
11499 1414 729
10714 332 618
9247 355 615
4707 346 539
14542 1343 736
9062 1144 626
5480 555 691
14761 1235 655
15233 1241 636
1585 833 508
5210 1027 554
13841 663 554
12854 381 732
1762 452 502
1268 834 529
16710 472 597
12891 599 606
13332 1174 661
14512 629 658
9704 582 500
10933 644 643
6062 668 773
14706 675 650
14757 876 552
14879 382 713
10604 477 677
11003 1261 702
10731 885 507
2234 835 559
15935 1295 688
6997 786 682
11206 603 712
3220 463 540
11934 632 717
12197 1309 772
5534 554 589
5140 388 580
7634 866 533
16626 893 683
1270 678 661
14118 754 506
4330 355 673
11570 487 657
4993 357 657
14253 1143 649
4147 775 519
15603 1184 696
12451 356 627
2642 579 761
11376 545 516
12528 1040 554
13353 1264 643
10546 633 614
14613 764 500
4875 929 645
3308 857 617
5734 1226 751
2964 1289 680
3236 424 622
11505 412 599
14720 696 750
10932 1202 704
13010 978 619
5847 747 550
5861 956 649
1728 590 662
2143 472 618
8801 1131 694
8644 1130 574
6196 593 589
6428 667 583
13858 949 663
6094 922 693
17056 785 586
8905 801 742
12470 849 625
9033 1037 564
3365 584 686
191 516 766
8266 438 660
13213 818 726
10664 556 596
3796 750 646
11329 1032 547
5350 456 572
8729 1277 663
8119 933 516
11072 1328 758
6466 1128 604
17191 546 715
4775 792 509
4253 417 556
14158 620 545
15083 1215 659
16966 738 545
1113 1180 685
3231 460 698
6082 870 577
6006 658 681
7301 699 755
2754 725 682
10469 464 705
12439 496 605
7927 742 729
1592 1439 749
14940 912 625
1648 876 512
6684 725 738
786 738 609
16648 504 578
6513 888 564
3041 1107 566
15196 928 626
273 1119 560
11256 798 672
10147 600 588
12055 1047 693
12040 520 670
7874 1131 764
5448 409 642
13091 846 616
6280 846 729
7205 505 598
9138 835 775
5306 429 773
12547 1011 630
2922 848 610
9757 606 635
16924 346 519
1549 883 532
11268 696 567
9687 992 585
2739 1090 752
9141 950 572
9689 832 585
2446 775 563
10379 784 696
1589 417 504
8108 379 630
8748 969 568
10710 976 678
5976 371 609
11057 771 628
1346 1011 562
9890 994 521
12121 550 739
3637 499 624
11673 477 700
16738 659 547
16885 972 568
15257 903 711
425 1120 724
3135 1273 740
10282 663 597
6785 495 553
9517 1177 725
10158 1340 725
15426 409 536
15973 1197 601
115 1238 738
14609 802 536
9902 910 554
12923 394 640
14258 1025 545
14820 1102 650
10291 821 624
17216 1436 772
444 642 653
15839 292 541
6197 483 525
1135 1170 755
1357 719 514
13402 1189 733
3591 1258 653
12961 459 524
5295 777 537
6164 366 549
16087 591 504
7041 840 744
17048 1338 722
6464 1099 620
5427 1196 626
10250 440 533
12764 1085 581
12380 375 630
8160 1001 518
11873 569 502
1898 708 587
8438 654 566
1663 402 569
10591 478 511
12644 775 563
14784 1407 730
15560 806 684
10581 479 513
12733 967 543
5563 581 578
12237 483 721
9578 884 659
2131 805 629
14916 487 555
10367 584 776
4586 409 682
14697 486 751
15216 785 571
8901 587 613
10198 1031 655
50 1228 617
2143 850 616
10057 607 769
2199 326 530
1417 1124 718
14366 856 563
15610 331 615
580 496 537
3746 1185 622
9477 801 568
2243 590 604
8424 1164 585
8706 392 500
11558 908 652
5074 948 515
10899 464 720
9958 677 563
10839 691 619
12330 746 542
5836 856 767
9094 545 532
5443 1141 582
14735 575 655
13768 486 683
9991 420 742
14081 954 689
5266 404 685
9459 859 602
4532 943 751
1891 326 549
14272 378 546
7886 372 616
6817 1071 770
3550 266 512
8225 474 550
12338 959 520
16597 962 687
9176 1289 742
3272 835 506
8460 1089 571
9403 348 618
1563 510 638
2185 968 763
17307 1017 583
16294 503 697
8368 1000 671
2656 377 508
167 382 682
106 304 510
11541 996 774
10267 680 556
11285 1166 720
16596 707 626
9246 353 529
14535 925 691
9291 458 555
14605 758 701
14734 1155 716
14916 1257 683
11125 921 536
16293 1476 752
10235 976 722
2467 674 613
1456 1070 604
13722 625 657
8357 1090 622
4672 888 583
6480 731 695
10283 717 748
14382 751 651
3962 260 508
13034 939 692
13808 743 717
4812 739 604
704 668 572
919 1358 754
4373 1272 744
11972 897 723
11165 944 626
2371 548 713
4362 961 567
937 1119 716
9828 926 574
7751 1133 676
13075 626 654
17119 1367 769
17378 1102 557
175 478 667
5489 541 594
7508 476 629
7705 484 662
10258 533 699
6303 1128 670
14025 704 632
10700 1371 740
6286 1222 772
15351 740 515
3923 653 679
11188 356 656
6895 783 546
2584 1005 763
6394 613 663
15066 1227 756
3410 305 523
1499 792 692
4773 793 523
14711 1316 774
13365 1279 687
10265 399 692
14330 828 597
8159 1157 699
3201 1101 578
8227 758 640
15512 685 714
4454 383 585
8714 894 518
3896 405 751
12448 697 651
14532 1108 655
6304 730 718
13199 850 628
2970 743 699
1154 756 531
16785 385 564
10143 881 513
12546 1052 575
6126 1500 755
7202 490 533
749 1176 630
17035 471 706
7240 599 763
4169 637 506
9588 805 505
980 522 505
1118 674 593
561 519 566
1297 599 601
8121 593 509
9449 795 750
14648 1147 648
7760 1412 762
17277 700 622
9370 1124 766
9476 570 513
15085 867 614
10280 1034 674
15422 391 537
1489 1292 674
13263 589 677
10221 388 510
11186 763 675
10177 601 729
13049 640 518
474 829 569
13149 1080 550
6556 626 642
7397 799 653
14228 1266 700
14090 342 553
3885 928 552
16372 1327 748
1950 502 531
1626 1055 663
8394 1092 750
16790 760 570
8597 1009 725
935 976 752
1663 637 676
3600 633 710
6897 807 690
6575 1293 669
7724 544 688
1020 964 582
2463 1112 586
16305 460 735
3295 1340 671
9340 1333 686
2571 422 604
3816 1096 610
16691 421 717
5565 1514 771
17337 587 549
14117 676 582
14864 284 505
14625 635 712
8875 780 672
11942 291 505
5284 975 760
6772 1047 766
3210 704 630
14464 485 618
9918 463 657
6690 784 615
567 813 547
3390 901 599
7206 339 655
1742 367 545
11256 812 563
3515 701 579
14193 969 614
11205 818 649
10947 371 632
6104 690 560
4938 469 719
11989 897 644
12765 458 750
7688 380 700
17274 1182 702
12669 865 700
3316 898 658
10875 1073 721
3567 1008 714
9699 795 699
10664 631 606
10604 312 554
6416 617 584
6072 1393 720
2649 1078 766
15152 638 654
14924 812 534
2522 1210 678
10179 392 600
11699 549 543
15289 1377 772
15216 1201 753
15805 545 511
16322 695 534
10196 1243 644
15499 1071 654
11124 1057 604
4568 1029 603
13442 1066 644
4362 1277 696
7322 444 639
7757 647 600
1408 746 677
11135 995 659
17441 862 515
8932 656 736
13951 376 503
12014 699 654
1148 557 674
10397 1162 761
2472 349 518
17049 1277 652
4410 507 650
5966 1235 729
3839 325 632
7316 1232 649
687 923 653
16295 742 632
16486 517 744
1436 675 643
9567 944 729
12344 1079 664
14605 300 574
12208 989 553
11779 461 749
12997 985 579
10054 567 745
9554 811 543
16619 414 644
2030 676 661
8963 710 606
16285 1108 754
13591 961 654
4209 1075 760
7084 825 539
12034 1117 587
2031 634 725
13770 935 657
8304 539 625
9837 1085 660
933 1515 766
6580 1150 582
6275 463 621
2372 1388 739
13737 1087 672
13512 360 563
864 1089 606
2921 422 586
10378 380 757
713 1011 633
7014 463 699
5816 813 642
6735 639 760
14900 1380 693
14135 512 664
11031 743 641
11095 566 702
5122 1076 558
4928 1113 697
451 291 565
15755 481 613
12626 646 627
11762 974 743
12269 1478 760
6079 840 532
7094 1272 647
1536 923 766
16691 602 712
7327 944 581
10489 544 631
7888 977 748
14136 864 592
9924 901 632
9444 1120 736
15126 716 695
16101 960 709
10191 776 704
8455 1006 588
4412 801 670
7954 834 662
1865 736 719
15 535 713
7794 699 589
6643 506 776
2433 1276 717
4374 701 706
2146 715 523
397 758 686
12520 357 527
11209 260 500
14837 836 666
6390 379 578
8770 404 510
7907 891 648
11698 748 749
13226 853 641
9045 1216 698
9923 925 696
11226 1174 723
16627 517 516
16804 1040 768
1921 1193 618
15245 478 626
12815 1068 636
12313 894 643
8949 842 526
14416 799 502
11626 658 649
7733 1285 724
9965 1415 718
3423 654 552
1058 1175 607
3562 1133 647
4030 573 607
13687 421 776
13806 1011 740
5460 502 501
10093 581 734
15371 753 586
17384 838 529
1305 1346 744
5252 548 556
8692 709 674
6291 1192 687
17029 553 670
8936 777 586
8089 839 544
4305 618 597
2684 796 667
4881 557 672
8858 1412 717
8306 1474 738
12091 757 641
7172 551 733
3230 985 775
2346 1216 694
2117 810 526
14852 1311 710
15704 383 501
11212 1068 611
4160 707 688
4743 928 696
10616 1242 687
12647 640 636
12339 412 751
12100 422 583
16344 1025 668
16154 568 657
12668 619 659
9713 523 523
8332 791 715
15432 505 692
11729 1136 723
13866 1199 711
7812 1055 557
11096 1081 628
10333 1145 630
15995 595 542
4325 857 568
8997 284 508
4223 453 552
610 309 595
16154 897 524
757 1045 722
15058 1231 725
16015 1071 585
8683 739 508
3867 1140 617
7366 1365 768
8901 347 626
8318 1142 728
16138 1066 552
9258 705 632
13104 715 537
10867 1168 670
8111 704 669
2930 414 624
12549 755 613
3471 1073 560
5090 781 730
6225 1163 594
15344 1123 646
4610 360 549
14466 1097 613
13760 946 615
8858 575 724
1046 1232 704
13983 720 766
12434 408 700
13747 1278 689
5913 1259 767
17437 853 546
14799 899 616
15729 1228 659
7949 1204 664
8340 915 596
4241 1133 592
5795 852 666
9721 598 665
14533 399 592
11032 970 746
215 308 593
1697 1102 553
13973 432 651
3541 999 523
11981 699 524
15822 868 646
15112 1040 674
9595 355 698
11949 411 730
2219 793 535
10034 696 509
3288 395 671
13202 407 540
2955 347 660
6139 525 577
12408 1088 587
3675 739 736
11928 724 656
13239 565 686
1276 729 753
7624 781 531
3777 1184 693
2920 391 764
5659 659 522
10540 650 508
4455 1301 740
6987 669 553
5854 1100 714
1469 1048 748
16436 1101 615
100 589 538
7855 905 578
4765 778 547
6890 488 522
5482 371 570
14262 543 675
2446 1035 705
7398 923 672
5179 581 709
2205 780 586
13173 1100 644
2470 304 544
1163 666 757
11381 1049 731
6737 1437 731
15327 311 538
233 1102 590
7673 677 547
6407 1330 691
3661 931 592
2649 743 650
1868 1166 632
13087 414 531
14872 1162 635
13766 450 585
7788 746 601
7103 1199 712
16888 511 715
8645 746 656
9817 809 556
3725 1083 748
12820 561 754
17203 387 590
16589 826 569
10539 1330 697
3960 1007 536
8729 517 557
12626 421 758
12793 1381 739
15841 773 761
5939 350 622
5979 667 760
7757 436 611
1698 389 721
17054 1240 701
4948 1042 739
14730 464 676
15991 640 582
7814 838 545
8066 512 718
13006 1425 767
3492 778 709
9794 395 572
5652 880 758
1526 969 528
16630 783 546
14610 532 691
6337 654 570
13649 953 517
16872 1204 653
10339 580 503
6031 500 503
6459 1030 573
2141 1001 597
9064 664 582
5814 1341 763
12782 637 684
1703 661 728
3858 320 538
10559 407 697
3891 548 501
8787 1212 616
9812 592 749
14033 972 618
4366 515 562
16726 1054 557
8142 462 710
6147 709 639
6772 887 531
14099 351 538
8722 991 506
11505 521 584
7752 830 754
13373 500 500
5002 395 679
11859 1058 545
8169 438 677
446 590 767
5060 937 767
3870 1193 649
5001 494 518
6106 1076 694
727 613 540
7113 1322 685
2444 414 718
4720 661 559
9179 298 542
7765 1271 707
1977 460 698
9809 496 579
12346 453 515
11200 1099 613
6688 903 757
4876 511 602
5602 350 528
8952 917 547
11308 558 752
16779 816 510
3731 446 711
611 1368 749
8447 642 674
8351 614 503
13195 1213 767
15410 954 553
1063 546 728
12313 1014 635
16994 651 719
14420 1113 612
40 503 538
466 929 502
1818 984 566
1741 1114 620
5923 913 777
4279 430 622
12467 939 691
11400 510 771
163 849 523
5136 512 724
12515 1148 728
14321 371 612
10339 310 508
15667 993 593
8862 441 585
1105 926 692
12651 604 752
946 682 682
14171 697 574
12157 618 631
8504 623 507
3908 1115 606
5322 1371 718
13731 944 742
1380 563 648
9081 646 605
13551 880 583
15827 1229 652
12629 1128 772
9627 1476 772
9659 759 725
10759 807 601
12304 1130 710
8151 903 624
11905 655 694
7848 515 604
6201 597 637
12410 1011 682
17314 763 619
3312 1070 553
8164 589 617
3551 803 642
12795 1139 608
15994 582 502
5387 993 598
12600 345 586
4989 1063 667
9858 772 708
10930 925 734
7818 868 522
9387 779 671
666 534 613
2200 1059 661
2689 1287 718
3839 731 501
186 401 732
7523 867 640
8657 777 769
7153 602 666
9153 952 556
4116 799 745
16506 1114 688
2362 536 510
674 654 597
3514 1155 725
16761 1040 664
1899 838 634
15727 1134 667
11773 470 648
776 444 633
9446 950 600
1287 1037 593
12316 373 589
15054 388 736
5646 709 575
9008 328 575
11704 870 585
14946 360 667
5980 855 701
4874 812 613
570 387 600
405 1075 652
3908 388 618
14166 951 501
10579 589 529
8600 529 772
1966 1107 691
16198 947 535
10611 915 546
12896 539 508
8904 856 552
10806 482 765
12064 836 564
2258 1084 632
2859 919 579
4461 328 585
2856 1282 711
11572 1070 720
7430 941 770
500 901 647
5394 542 657
1824 414 505
11808 527 668
16119 1265 694
835 346 628
12640 376 722
6010 532 540
688 1263 692
14326 327 538
5695 572 535
14291 1258 699
4035 1032 670
10602 1170 694
2107 551 514
15777 550 658
14879 1069 633
15503 537 554
1276 1001 616
11256 967 552
2549 556 606
14715 1023 757
12132 278 535
2501 1056 690
14189 717 529
7975 1348 750
2739 782 549
7513 1306 657
3006 1377 693
285 735 641
5635 1073 662
17226 721 561
11819 647 634
10910 327 635
8546 1101 759
9032 1488 775
16850 846 527
278 715 699
7563 754 677
13626 976 695
5471 796 601
11276 885 693
11343 466 553
1980 706 774
10746 766 672
16177 439 529
14442 817 523
2233 1068 628
13597 687 665
4721 742 743
7162 823 760
2066 583 770
6258 667 500
3166 628 597
5437 1044 772
5082 1029 741
13973 739 639
15357 466 622
1359 1050 774
401 552 766
4825 448 650
1835 1046 578
770 304 517
15958 1101 681
5091 365 536
6473 367 581
9729 1097 639
2734 694 622
8556 749 667
5341 852 580
3409 553 720
4917 1448 730
8729 331 569
1973 1137 593
6337 776 579
6300 1097 594
2439 510 542
16355 531 724
13419 658 529
13991 561 692
17092 372 671
10918 748 613
7137 346 589
9523 1200 660
14217 1373 724
10047 441 663
7101 1431 722
10216 1101 718
13437 573 615
16022 986 564
563 1074 669
9671 846 582
14564 920 584
5218 1059 735
13954 1389 735
9643 1005 516
16387 840 547
4931 1216 732
15140 547 540
16605 797 554
350 395 636
2883 901 716
1067 495 723
2057 1498 764
15229 1064 590
7978 619 678
6255 626 700
8414 615 689
249 1271 666
12427 1007 590
16811 1221 675
14165 692 565
12148 618 651
10369 594 661
3484 453 745
14528 873 613
8944 764 737
15223 608 535
1210 511 505
8153 784 717
4475 1165 667
11523 561 551
17309 956 689
13284 437 519
11368 1095 678
10011 1392 768
12867 912 637
15862 1267 678
15625 514 520
15853 1015 628
4652 772 750
6327 885 732
4127 882 589
2461 1296 731
10961 1041 599
6273 503 760
7558 901 752
3261 371 659
66 936 590
12699 1160 642
12563 399 603
9462 893 526
2619 887 564
4981 638 546
7608 995 674
3077 1189 755
4967 803 697
6050 586 608
7665 971 569
4796 343 507
15555 967 691
9754 1187 607
15416 998 726
10295 807 607
17135 799 736
4140 886 587
8404 357 696
10908 1295 759
6195 467 522
2392 609 698
14342 1362 703
12176 489 715
6531 1384 754
5411 594 549
14480 436 597
15298 321 503
10646 1028 625
2500 455 656
717 446 516
13635 1192 646
5207 472 542
12715 980 746
5763 543 501
16582 1178 633
15863 906 618
327 1118 718
4697 607 645
11842 809 774
11962 389 507
2332 623 723
6913 1091 770
6451 1141 708
10112 887 631
12182 1318 762
15240 671 560
843 1203 629
8033 807 645
5013 854 571
11187 913 573
13825 1147 731
7602 813 718
4731 1367 717
16761 432 562
12896 869 506
