980 220
350 35 19
345 14 11
109 12 13
116 22 14
132 8 13
823 20 13
586 8 10
675 14 16
454 8 13
520 10 14
761 20 13
174 15 11
548 8 10
9 24 14
527 19 17
798 35 20
79 19 10
45 22 18
863 23 17
60 7 14
296 30 18
506 12 16
316 14 12
884 13 18
733 33 19
595 13 15
853 10 17
93 23 17
166 6 11
597 14 15
107 24 18
166 13 18
185 14 17
628 31 16
666 14 19
204 10 16
282 27 15
743 26 19
763 31 17
457 11 11
768 13 18
358 17 17
423 16 11
410 12 11
815 8 10
460 32 17
619 20 11
427 23 14
132 27 14
343 19 14
451 26 18
343 23 14
234 13 17
694 9 15
712 13 20
206 13 11
512 28 19
932 18 11
576 12 18
696 13 15
296 7 11
228 21 12
675 18 12
735 8 17
313 34 19
567 29 17
196 19 10
792 10 13
446 12 17
75 19 11
667 12 19
691 8 11
37 28 16
950 19 13
446 23 17
418 33 18
264 30 19
241 12 10
0 23 17
959 23 15
333 16 15
950 22 13
72 15 13
4 22 18
683 20 11
652 29 17
643 14 13
282 8 12
514 15 17
314 19 17
889 18 19
474 31 18
164 15 18
102 15 10
530 39 20
204 18 18
241 15 11
676 22 14
930 10 15
591 14 14
745 19 14
515 28 16
851 14 10
648 17 16
647 20 17
398 27 18
448 19 15
693 33 18
110 31 16
461 12 13
632 19 15
698 35 20
368 28 20
285 17 17
340 26 17
476 14 19
652 8 15
2 20 18
398 14 12
72 12 15
928 20 15
205 13 10
486 19 12
926 9 19
628 18 19
115 19 12
291 18 10
961 16 17
525 16 18
899 10 16
380 26 18
460 17 14
256 32 17
633 5 11
446 31 16
37 28 15
219 16 14
673 7 12
88 14 10
621 21 18
632 11 13
252 14 15
444 8 14
837 20 19
160 27 18
795 10 17
153 21 16
767 17 17
395 34 20
600 11 11
679 21 17
927 29 17
429 12 12
543 34 19
932 27 14
675 18 18
426 18 19
901 31 20
327 7 14
615 19 14
739 11 11
859 24 13
745 17 18
123 17 16
449 11 17
73 15 13
496 23 18
639 26 19
236 6 10
152 11 13
380 25 20
717 18 14
261 28 16
106 27 17
296 11 16
575 21 16
237 23 17
879 12 14
24 18 14
254 20 20
913 10 15
746 19 16
55 29 17
111 14 19
863 19 15
132 11 19
375 6 11
568 25 20
550 21 19
73 23 14
144 22 16
279 19 15
78 6 12
167 15 18
22 23 19
800 14 15
273 15 11
611 7 12
635 24 13
79 10 12
53 30 18
775 15 13
199 7 13
495 15 12
159 6 12
399 20 17
477 31 18
494 23 13
836 22 19
222 28 20
446 10 14
160 16 20
689 14 11
324 10 15
448 14 11
724 17 11
264 19 14
582 17 14
659 9 15
309 30 17
